100	0
101	0
102	0
103	0
104	0
105	0
106	0
107	0
108	0
109	0
110	0
111	0
112	0
113	0
114	0
115	0
116	0
117	0
118	0
119	0
120	0
121	0
122	0
123	0
124	0
125	0
126	0
127	0
128	0
129	0
130	0
131	0
132	0
133	0
134	0
135	0
136	0
137	0
138	0
139	0
140	0
141	0
142	0
143	0
144	0
145	0
146	0
147	0
148	0
149	0
150	0
151	0
152	0
153	0
154	0
155	0
156	0
157	0
158	0
159	0
160	0
161	0
162	0
163	0
164	0
165	0
166	0
167	0
168	0
169	0
170	0
171	0
172	0
173	0
174	0
175	0
176	0
177	0
178	0
179	0
180	0
181	0
182	0
183	0
184	0
185	0
186	0
187	0
188	0
189	0
190	0
191	0
192	0
193	0
194	0
195	0
196	0
197	0
198	0
199	0
103	1
104	1
105	1
106	1
107	1
108	1
109	1
110	1
111	1
112	1
113	1
114	1
115	1
116	1
117	1
118	1
119	1
120	1
121	1
122	1
123	1
124	1
125	1
126	1
127	1
128	1
129	1
130	1
131	1
132	1
133	1
134	1
135	1
136	1
137	1
138	1
139	1
140	1
141	1
142	1
143	1
144	1
145	1
146	1
147	1
148	1
149	1
150	1
151	1
152	1
153	1
154	1
155	1
156	1
157	1
158	1
159	1
160	1
161	1
162	1
163	1
164	1
165	1
166	1
167	1
168	1
169	1
170	1
171	1
172	1
173	1
174	1
175	1
176	1
177	1
178	1
179	1
180	1
181	1
182	1
183	1
184	1
185	1
186	1
187	1
188	1
189	1
190	1
191	1
192	1
193	1
194	1
195	1
196	1
197	1
198	1
199	1
104	2
105	2
106	2
107	2
108	2
109	2
110	2
111	2
112	2
113	2
114	2
115	2
116	2
117	2
118	2
119	2
120	2
121	2
122	2
123	2
124	2
125	2
126	2
127	2
128	2
129	2
130	2
131	2
132	2
133	2
134	2
135	2
136	2
137	2
138	2
139	2
140	2
141	2
142	2
143	2
144	2
145	2
146	2
147	2
148	2
149	2
150	2
151	2
152	2
153	2
154	2
155	2
156	2
157	2
158	2
159	2
160	2
161	2
162	2
163	2
164	2
165	2
166	2
167	2
168	2
169	2
170	2
171	2
172	2
173	2
174	2
175	2
176	2
177	2
178	2
179	2
180	2
181	2
182	2
183	2
184	2
185	2
186	2
187	2
188	2
189	2
190	2
191	2
192	2
193	2
194	2
195	2
196	2
197	2
198	2
199	2
107	3
108	3
109	3
110	3
111	3
112	3
113	3
114	3
115	3
116	3
117	3
118	3
119	3
120	3
121	3
122	3
123	3
124	3
125	3
126	3
127	3
128	3
129	3
130	3
131	3
132	3
133	3
134	3
135	3
136	3
137	3
138	3
139	3
140	3
141	3
142	3
143	3
144	3
145	3
146	3
147	3
148	3
149	3
150	3
151	3
152	3
153	3
154	3
155	3
156	3
157	3
158	3
159	3
160	3
161	3
162	3
163	3
164	3
165	3
166	3
167	3
168	3
169	3
170	3
171	3
172	3
173	3
174	3
175	3
176	3
177	3
178	3
179	3
180	3
181	3
182	3
183	3
184	3
185	3
186	3
187	3
188	3
189	3
190	3
191	3
192	3
193	3
194	3
195	3
196	3
197	3
198	3
199	3
108	4
109	4
110	4
111	4
112	4
113	4
114	4
115	4
116	4
117	4
118	4
119	4
120	4
121	4
122	4
123	4
124	4
125	4
126	4
127	4
128	4
129	4
130	4
131	4
132	4
133	4
134	4
135	4
136	4
137	4
138	4
139	4
140	4
141	4
142	4
143	4
144	4
145	4
146	4
147	4
148	4
149	4
150	4
151	4
152	4
153	4
154	4
155	4
156	4
157	4
158	4
159	4
160	4
161	4
162	4
163	4
164	4
165	4
166	4
167	4
168	4
169	4
170	4
171	4
172	4
173	4
174	4
175	4
176	4
177	4
178	4
179	4
180	4
181	4
182	4
183	4
184	4
185	4
186	4
187	4
188	4
189	4
190	4
191	4
192	4
193	4
194	4
195	4
196	4
197	4
198	4
199	4
109	5
110	5
111	5
112	5
113	5
114	5
115	5
116	5
117	5
118	5
119	5
120	5
121	5
122	5
123	5
124	5
125	5
126	5
127	5
128	5
129	5
130	5
131	5
132	5
133	5
134	5
135	5
136	5
137	5
138	5
139	5
140	5
141	5
142	5
143	5
144	5
145	5
146	5
147	5
148	5
149	5
150	5
151	5
152	5
153	5
154	5
155	5
156	5
157	5
158	5
159	5
160	5
161	5
162	5
163	5
164	5
165	5
166	5
167	5
168	5
169	5
170	5
171	5
172	5
173	5
174	5
175	5
176	5
177	5
178	5
179	5
180	5
181	5
182	5
183	5
184	5
185	5
186	5
187	5
188	5
189	5
190	5
191	5
192	5
193	5
194	5
195	5
196	5
197	5
198	5
199	5
112	6
113	6
114	6
115	6
116	6
117	6
118	6
119	6
120	6
121	6
122	6
123	6
124	6
125	6
126	6
127	6
128	6
129	6
130	6
131	6
132	6
133	6
134	6
135	6
136	6
137	6
138	6
139	6
140	6
141	6
142	6
143	6
144	6
145	6
146	6
147	6
148	6
149	6
150	6
151	6
152	6
153	6
154	6
155	6
156	6
157	6
158	6
159	6
160	6
161	6
162	6
163	6
164	6
165	6
166	6
167	6
168	6
169	6
170	6
171	6
172	6
173	6
174	6
175	6
176	6
177	6
178	6
179	6
180	6
181	6
182	6
183	6
184	6
185	6
186	6
187	6
188	6
189	6
190	6
191	6
192	6
193	6
194	6
195	6
196	6
197	6
198	6
199	6
113	7
114	7
115	7
116	7
117	7
118	7
119	7
120	7
121	7
122	7
123	7
124	7
125	7
126	7
127	7
128	7
129	7
130	7
131	7
132	7
133	7
134	7
135	7
136	7
137	7
138	7
139	7
140	7
141	7
142	7
143	7
144	7
145	7
146	7
147	7
148	7
149	7
150	7
151	7
152	7
153	7
154	7
155	7
156	7
157	7
158	7
159	7
160	7
161	7
162	7
163	7
164	7
165	7
166	7
167	7
168	7
169	7
170	7
171	7
172	7
173	7
174	7
175	7
176	7
177	7
178	7
179	7
180	7
181	7
182	7
183	7
184	7
185	7
186	7
187	7
188	7
189	7
190	7
191	7
192	7
193	7
194	7
195	7
196	7
197	7
198	7
199	7
114	8
115	8
116	8
117	8
118	8
119	8
120	8
121	8
122	8
123	8
124	8
125	8
126	8
127	8
128	8
129	8
130	8
131	8
132	8
133	8
134	8
135	8
136	8
137	8
138	8
139	8
140	8
141	8
142	8
143	8
144	8
145	8
146	8
147	8
148	8
149	8
150	8
151	8
152	8
153	8
154	8
155	8
156	8
157	8
158	8
159	8
160	8
161	8
162	8
163	8
164	8
165	8
166	8
167	8
168	8
169	8
170	8
171	8
172	8
173	8
174	8
175	8
176	8
177	8
178	8
179	8
180	8
181	8
182	8
183	8
184	8
185	8
186	8
187	8
188	8
189	8
190	8
191	8
192	8
193	8
194	8
195	8
196	8
197	8
198	8
199	8
117	9
118	9
119	9
120	9
121	9
122	9
123	9
124	9
125	9
126	9
127	9
128	9
129	9
130	9
131	9
132	9
133	9
134	9
135	9
136	9
137	9
138	9
139	9
140	9
141	9
142	9
143	9
144	9
145	9
146	9
147	9
148	9
149	9
150	9
151	9
152	9
153	9
154	9
155	9
156	9
157	9
158	9
159	9
160	9
161	9
162	9
163	9
164	9
165	9
166	9
167	9
168	9
169	9
170	9
171	9
172	9
173	9
174	9
175	9
176	9
177	9
178	9
179	9
180	9
181	9
182	9
183	9
184	9
185	9
186	9
187	9
188	9
189	9
190	9
191	9
192	9
193	9
194	9
195	9
196	9
197	9
198	9
199	9
118	10
119	10
120	10
121	10
122	10
123	10
124	10
125	10
126	10
127	10
128	10
129	10
130	10
131	10
132	10
133	10
134	10
135	10
136	10
137	10
138	10
139	10
140	10
141	10
142	10
143	10
144	10
145	10
146	10
147	10
148	10
149	10
150	10
151	10
152	10
153	10
154	10
155	10
156	10
157	10
158	10
159	10
160	10
161	10
162	10
163	10
164	10
165	10
166	10
167	10
168	10
169	10
170	10
171	10
172	10
173	10
174	10
175	10
176	10
177	10
178	10
179	10
180	10
181	10
182	10
183	10
184	10
185	10
186	10
187	10
188	10
189	10
190	10
191	10
192	10
193	10
194	10
195	10
196	10
197	10
198	10
199	10
119	11
120	11
121	11
122	11
123	11
124	11
125	11
126	11
127	11
128	11
129	11
130	11
131	11
132	11
133	11
134	11
135	11
136	11
137	11
138	11
139	11
140	11
141	11
142	11
143	11
144	11
145	11
146	11
147	11
148	11
149	11
150	11
151	11
152	11
153	11
154	11
155	11
156	11
157	11
158	11
159	11
160	11
161	11
162	11
163	11
164	11
165	11
166	11
167	11
168	11
169	11
170	11
171	11
172	11
173	11
174	11
175	11
176	11
177	11
178	11
179	11
180	11
181	11
182	11
183	11
184	11
185	11
186	11
187	11
188	11
189	11
190	11
191	11
192	11
193	11
194	11
195	11
196	11
197	11
198	11
199	11
127	12
128	12
129	12
130	12
131	12
132	12
133	12
134	12
135	12
136	12
137	12
138	12
139	12
140	12
141	12
142	12
143	12
144	12
145	12
146	12
147	12
148	12
149	12
150	12
151	12
152	12
153	12
154	12
155	12
156	12
157	12
158	12
159	12
160	12
161	12
162	12
163	12
164	12
165	12
166	12
167	12
168	12
169	12
170	12
171	12
172	12
173	12
174	12
175	12
176	12
177	12
178	12
179	12
180	12
181	12
182	12
183	12
184	12
185	12
186	12
187	12
188	12
189	12
190	12
191	12
192	12
193	12
194	12
195	12
196	12
197	12
198	12
199	12
128	13
129	13
130	13
131	13
132	13
133	13
134	13
135	13
136	13
137	13
138	13
139	13
140	13
141	13
142	13
143	13
144	13
145	13
146	13
147	13
148	13
149	13
150	13
151	13
152	13
153	13
154	13
155	13
156	13
157	13
158	13
159	13
160	13
161	13
162	13
163	13
164	13
165	13
166	13
167	13
168	13
169	13
170	13
171	13
172	13
173	13
174	13
175	13
176	13
177	13
178	13
179	13
180	13
181	13
182	13
183	13
184	13
185	13
186	13
187	13
188	13
189	13
190	13
191	13
192	13
193	13
194	13
195	13
196	13
197	13
198	13
199	13
129	14
130	14
131	14
132	14
133	14
134	14
135	14
136	14
137	14
138	14
139	14
140	14
141	14
142	14
143	14
144	14
145	14
146	14
147	14
148	14
149	14
150	14
151	14
152	14
153	14
154	14
155	14
156	14
157	14
158	14
159	14
160	14
161	14
162	14
163	14
164	14
165	14
166	14
167	14
168	14
169	14
170	14
171	14
172	14
173	14
174	14
175	14
176	14
177	14
178	14
179	14
180	14
181	14
182	14
183	14
184	14
185	14
186	14
187	14
188	14
189	14
190	14
191	14
192	14
193	14
194	14
195	14
196	14
197	14
198	14
199	14
130	15
131	15
132	15
133	15
134	15
135	15
136	15
137	15
138	15
139	15
140	15
141	15
142	15
143	15
144	15
145	15
146	15
147	15
148	15
149	15
150	15
151	15
152	15
153	15
154	15
155	15
156	15
157	15
158	15
159	15
160	15
161	15
162	15
163	15
164	15
165	15
166	15
167	15
168	15
169	15
170	15
171	15
172	15
173	15
174	15
175	15
176	15
177	15
178	15
179	15
180	15
181	15
182	15
183	15
184	15
185	15
186	15
187	15
188	15
189	15
190	15
191	15
192	15
193	15
194	15
195	15
196	15
197	15
198	15
199	15
131	16
132	16
133	16
134	16
135	16
136	16
137	16
138	16
139	16
140	16
141	16
142	16
143	16
144	16
145	16
146	16
147	16
148	16
149	16
150	16
151	16
152	16
153	16
154	16
155	16
156	16
157	16
158	16
159	16
160	16
161	16
162	16
163	16
164	16
165	16
166	16
167	16
168	16
169	16
170	16
171	16
172	16
173	16
174	16
175	16
176	16
177	16
178	16
179	16
180	16
181	16
182	16
183	16
184	16
185	16
186	16
187	16
188	16
189	16
190	16
191	16
192	16
193	16
194	16
195	16
196	16
197	16
198	16
199	16
132	17
133	17
134	17
135	17
136	17
137	17
138	17
139	17
140	17
141	17
142	17
143	17
144	17
145	17
146	17
147	17
148	17
149	17
150	17
151	17
152	17
153	17
154	17
155	17
156	17
157	17
158	17
159	17
160	17
161	17
162	17
163	17
164	17
165	17
166	17
167	17
168	17
169	17
170	17
171	17
172	17
173	17
174	17
175	17
176	17
177	17
178	17
179	17
180	17
181	17
182	17
183	17
184	17
185	17
186	17
187	17
188	17
189	17
190	17
191	17
192	17
193	17
194	17
195	17
196	17
197	17
198	17
199	17
133	18
134	18
135	18
136	18
137	18
138	18
139	18
140	18
141	18
142	18
143	18
144	18
145	18
146	18
147	18
148	18
149	18
150	18
151	18
152	18
153	18
154	18
155	18
156	18
157	18
158	18
159	18
160	18
161	18
162	18
163	18
164	18
165	18
166	18
167	18
168	18
169	18
170	18
171	18
172	18
173	18
174	18
175	18
176	18
177	18
178	18
179	18
180	18
181	18
182	18
183	18
184	18
185	18
186	18
187	18
188	18
189	18
190	18
191	18
192	18
193	18
194	18
195	18
196	18
197	18
198	18
199	18
139	19
140	19
141	19
142	19
143	19
144	19
145	19
146	19
147	19
148	19
149	19
150	19
151	19
152	19
153	19
154	19
155	19
156	19
157	19
158	19
159	19
160	19
161	19
162	19
163	19
164	19
165	19
166	19
167	19
168	19
169	19
170	19
171	19
172	19
173	19
174	19
175	19
176	19
177	19
178	19
179	19
180	19
181	19
182	19
183	19
184	19
185	19
186	19
187	19
188	19
189	19
190	19
191	19
192	19
193	19
194	19
195	19
196	19
197	19
198	19
199	19
140	20
141	20
142	20
143	20
144	20
145	20
146	20
147	20
148	20
149	20
150	20
151	20
152	20
153	20
154	20
155	20
156	20
157	20
158	20
159	20
160	20
161	20
162	20
163	20
164	20
165	20
166	20
167	20
168	20
169	20
170	20
171	20
172	20
173	20
174	20
175	20
176	20
177	20
178	20
179	20
180	20
181	20
182	20
183	20
184	20
185	20
186	20
187	20
188	20
189	20
190	20
191	20
192	20
193	20
194	20
195	20
196	20
197	20
198	20
199	20
141	21
142	21
143	21
144	21
145	21
146	21
147	21
148	21
149	21
150	21
151	21
152	21
153	21
154	21
155	21
156	21
157	21
158	21
159	21
160	21
161	21
162	21
163	21
164	21
165	21
166	21
167	21
168	21
169	21
170	21
171	21
172	21
173	21
174	21
175	21
176	21
177	21
178	21
179	21
180	21
181	21
182	21
183	21
184	21
185	21
186	21
187	21
188	21
189	21
190	21
191	21
192	21
193	21
194	21
195	21
196	21
197	21
198	21
199	21
142	22
143	22
144	22
145	22
146	22
147	22
148	22
149	22
150	22
151	22
152	22
153	22
154	22
155	22
156	22
157	22
158	22
159	22
160	22
161	22
162	22
163	22
164	22
165	22
166	22
167	22
168	22
169	22
170	22
171	22
172	22
173	22
174	22
175	22
176	22
177	22
178	22
179	22
180	22
181	22
182	22
183	22
184	22
185	22
186	22
187	22
188	22
189	22
190	22
191	22
192	22
193	22
194	22
195	22
196	22
197	22
198	22
199	22
146	23
147	23
148	23
149	23
150	23
151	23
152	23
153	23
154	23
155	23
156	23
157	23
158	23
159	23
160	23
161	23
162	23
163	23
164	23
165	23
166	23
167	23
168	23
169	23
170	23
171	23
172	23
173	23
174	23
175	23
176	23
177	23
178	23
179	23
180	23
181	23
182	23
183	23
184	23
185	23
186	23
187	23
188	23
189	23
190	23
191	23
192	23
193	23
194	23
195	23
196	23
197	23
198	23
199	23
147	24
148	24
149	24
150	24
151	24
152	24
153	24
154	24
155	24
156	24
157	24
158	24
159	24
160	24
161	24
162	24
163	24
164	24
165	24
166	24
167	24
168	24
169	24
170	24
171	24
172	24
173	24
174	24
175	24
176	24
177	24
178	24
179	24
180	24
181	24
182	24
183	24
184	24
185	24
186	24
187	24
188	24
189	24
190	24
191	24
192	24
193	24
194	24
195	24
196	24
197	24
198	24
199	24
148	25
149	25
150	25
151	25
152	25
153	25
154	25
155	25
156	25
157	25
158	25
159	25
160	25
161	25
162	25
163	25
164	25
165	25
166	25
167	25
168	25
169	25
170	25
171	25
172	25
173	25
174	25
175	25
176	25
177	25
178	25
179	25
180	25
181	25
182	25
183	25
184	25
185	25
186	25
187	25
188	25
189	25
190	25
191	25
192	25
193	25
194	25
195	25
196	25
197	25
198	25
199	25
151	26
152	26
153	26
154	26
155	26
156	26
157	26
158	26
159	26
160	26
161	26
162	26
163	26
164	26
165	26
166	26
167	26
168	26
169	26
170	26
171	26
172	26
173	26
174	26
175	26
176	26
177	26
178	26
179	26
180	26
181	26
182	26
183	26
184	26
185	26
186	26
187	26
188	26
189	26
190	26
191	26
192	26
193	26
194	26
195	26
196	26
197	26
198	26
199	26
152	27
153	27
154	27
155	27
156	27
157	27
158	27
159	27
160	27
161	27
162	27
163	27
164	27
165	27
166	27
167	27
168	27
169	27
170	27
171	27
172	27
173	27
174	27
175	27
176	27
177	27
178	27
179	27
180	27
181	27
182	27
183	27
184	27
185	27
186	27
187	27
188	27
189	27
190	27
191	27
192	27
193	27
194	27
195	27
196	27
197	27
198	27
199	27
153	28
154	28
155	28
156	28
157	28
158	28
159	28
160	28
161	28
162	28
163	28
164	28
165	28
166	28
167	28
168	28
169	28
170	28
171	28
172	28
173	28
174	28
175	28
176	28
177	28
178	28
179	28
180	28
181	28
182	28
183	28
184	28
185	28
186	28
187	28
188	28
189	28
190	28
191	28
192	28
193	28
194	28
195	28
196	28
197	28
198	28
199	28
156	29
157	29
158	29
159	29
160	29
161	29
162	29
163	29
164	29
165	29
166	29
167	29
168	29
169	29
170	29
171	29
172	29
173	29
174	29
175	29
176	29
177	29
178	29
179	29
180	29
181	29
182	29
183	29
184	29
185	29
186	29
187	29
188	29
189	29
190	29
191	29
192	29
193	29
194	29
195	29
196	29
197	29
198	29
199	29
157	30
158	30
159	30
160	30
161	30
162	30
163	30
164	30
165	30
166	30
167	30
168	30
169	30
170	30
171	30
172	30
173	30
174	30
175	30
176	30
177	30
178	30
179	30
180	30
181	30
182	30
183	30
184	30
185	30
186	30
187	30
188	30
189	30
190	30
191	30
192	30
193	30
194	30
195	30
196	30
197	30
198	30
199	30
160	31
161	31
162	31
163	31
164	31
165	31
166	31
167	31
168	31
169	31
170	31
171	31
172	31
173	31
174	31
175	31
176	31
177	31
178	31
179	31
180	31
181	31
182	31
183	31
184	31
185	31
186	31
187	31
188	31
189	31
190	31
191	31
192	31
193	31
194	31
195	31
196	31
197	31
198	31
199	31
161	32
162	32
163	32
164	32
165	32
166	32
167	32
168	32
169	32
170	32
171	32
172	32
173	32
174	32
175	32
176	32
177	32
178	32
179	32
180	32
181	32
182	32
183	32
184	32
185	32
186	32
187	32
188	32
189	32
190	32
191	32
192	32
193	32
194	32
195	32
196	32
197	32
198	32
199	32
162	33
163	33
164	33
165	33
166	33
167	33
168	33
169	33
170	33
171	33
172	33
173	33
174	33
175	33
176	33
177	33
178	33
179	33
180	33
181	33
182	33
183	33
184	33
185	33
186	33
187	33
188	33
189	33
190	33
191	33
192	33
193	33
194	33
195	33
196	33
197	33
198	33
199	33
166	34
167	34
168	34
169	34
170	34
171	34
172	34
173	34
174	34
175	34
176	34
177	34
178	34
179	34
180	34
181	34
182	34
183	34
184	34
185	34
186	34
187	34
188	34
189	34
190	34
191	34
192	34
193	34
194	34
195	34
196	34
197	34
198	34
199	34
167	35
168	35
169	35
170	35
171	35
172	35
173	35
174	35
175	35
176	35
177	35
178	35
179	35
180	35
181	35
182	35
183	35
184	35
185	35
186	35
187	35
188	35
189	35
190	35
191	35
192	35
193	35
194	35
195	35
196	35
197	35
198	35
199	35
168	36
169	36
170	36
171	36
172	36
173	36
174	36
175	36
176	36
177	36
178	36
179	36
180	36
181	36
182	36
183	36
184	36
185	36
186	36
187	36
188	36
189	36
190	36
191	36
192	36
193	36
194	36
195	36
196	36
197	36
198	36
199	36
103	37
104	37
105	37
106	37
107	37
108	37
109	37
110	37
111	37
112	37
113	37
114	37
115	37
116	37
117	37
118	37
119	37
120	37
121	37
122	37
123	37
124	37
125	37
126	37
127	37
128	37
129	37
130	37
131	37
132	37
133	37
134	37
135	37
136	37
137	37
138	37
139	37
140	37
141	37
142	37
143	37
144	37
145	37
146	37
147	37
148	37
149	37
150	37
151	37
152	37
153	37
154	37
155	37
156	37
157	37
158	37
159	37
160	37
161	37
162	37
163	37
164	37
165	37
166	37
167	37
168	37
169	37
170	37
171	37
172	37
173	37
174	37
175	37
176	37
177	37
178	37
179	37
180	37
181	37
182	37
183	37
184	37
185	37
186	37
187	37
188	37
189	37
190	37
191	37
192	37
193	37
194	37
195	37
196	37
197	37
198	37
199	37
104	38
105	38
106	38
107	38
108	38
109	38
110	38
111	38
112	38
113	38
114	38
115	38
116	38
117	38
118	38
119	38
120	38
121	38
122	38
123	38
124	38
125	38
126	38
127	38
128	38
129	38
130	38
131	38
132	38
133	38
134	38
135	38
136	38
137	38
138	38
139	38
140	38
141	38
142	38
143	38
144	38
145	38
146	38
147	38
148	38
149	38
150	38
151	38
152	38
153	38
154	38
155	38
156	38
157	38
158	38
159	38
160	38
161	38
162	38
163	38
164	38
165	38
166	38
167	38
168	38
169	38
170	38
171	38
172	38
173	38
174	38
175	38
176	38
177	38
178	38
179	38
180	38
181	38
182	38
183	38
184	38
185	38
186	38
187	38
188	38
189	38
190	38
191	38
192	38
193	38
194	38
195	38
196	38
197	38
198	38
199	38
107	39
108	39
109	39
110	39
111	39
112	39
113	39
114	39
115	39
116	39
117	39
118	39
119	39
120	39
121	39
122	39
123	39
124	39
125	39
126	39
127	39
128	39
129	39
130	39
131	39
132	39
133	39
134	39
135	39
136	39
137	39
138	39
139	39
140	39
141	39
142	39
143	39
144	39
145	39
146	39
147	39
148	39
149	39
150	39
151	39
152	39
153	39
154	39
155	39
156	39
157	39
158	39
159	39
160	39
161	39
162	39
163	39
164	39
165	39
166	39
167	39
168	39
169	39
170	39
171	39
172	39
173	39
174	39
175	39
176	39
177	39
178	39
179	39
180	39
181	39
182	39
183	39
184	39
185	39
186	39
187	39
188	39
189	39
190	39
191	39
192	39
193	39
194	39
195	39
196	39
197	39
198	39
199	39
108	40
109	40
110	40
111	40
112	40
113	40
114	40
115	40
116	40
117	40
118	40
119	40
120	40
121	40
122	40
123	40
124	40
125	40
126	40
127	40
128	40
129	40
130	40
131	40
132	40
133	40
134	40
135	40
136	40
137	40
138	40
139	40
140	40
141	40
142	40
143	40
144	40
145	40
146	40
147	40
148	40
149	40
150	40
151	40
152	40
153	40
154	40
155	40
156	40
157	40
158	40
159	40
160	40
161	40
162	40
163	40
164	40
165	40
166	40
167	40
168	40
169	40
170	40
171	40
172	40
173	40
174	40
175	40
176	40
177	40
178	40
179	40
180	40
181	40
182	40
183	40
184	40
185	40
186	40
187	40
188	40
189	40
190	40
191	40
192	40
193	40
194	40
195	40
196	40
197	40
198	40
199	40
109	41
110	41
111	41
112	41
113	41
114	41
115	41
116	41
117	41
118	41
119	41
120	41
121	41
122	41
123	41
124	41
125	41
126	41
127	41
128	41
129	41
130	41
131	41
132	41
133	41
134	41
135	41
136	41
137	41
138	41
139	41
140	41
141	41
142	41
143	41
144	41
145	41
146	41
147	41
148	41
149	41
150	41
151	41
152	41
153	41
154	41
155	41
156	41
157	41
158	41
159	41
160	41
161	41
162	41
163	41
164	41
165	41
166	41
167	41
168	41
169	41
170	41
171	41
172	41
173	41
174	41
175	41
176	41
177	41
178	41
179	41
180	41
181	41
182	41
183	41
184	41
185	41
186	41
187	41
188	41
189	41
190	41
191	41
192	41
193	41
194	41
195	41
196	41
197	41
198	41
199	41
112	42
113	42
114	42
115	42
116	42
117	42
118	42
119	42
120	42
121	42
122	42
123	42
124	42
125	42
126	42
127	42
128	42
129	42
130	42
131	42
132	42
133	42
134	42
135	42
136	42
137	42
138	42
139	42
140	42
141	42
142	42
143	42
144	42
145	42
146	42
147	42
148	42
149	42
150	42
151	42
152	42
153	42
154	42
155	42
156	42
157	42
158	42
159	42
160	42
161	42
162	42
163	42
164	42
165	42
166	42
167	42
168	42
169	42
170	42
171	42
172	42
173	42
174	42
175	42
176	42
177	42
178	42
179	42
180	42
181	42
182	42
183	42
184	42
185	42
186	42
187	42
188	42
189	42
190	42
191	42
192	42
193	42
194	42
195	42
196	42
197	42
198	42
199	42
113	43
114	43
115	43
116	43
117	43
118	43
119	43
120	43
121	43
122	43
123	43
124	43
125	43
126	43
127	43
128	43
129	43
130	43
131	43
132	43
133	43
134	43
135	43
136	43
137	43
138	43
139	43
140	43
141	43
142	43
143	43
144	43
145	43
146	43
147	43
148	43
149	43
150	43
151	43
152	43
153	43
154	43
155	43
156	43
157	43
158	43
159	43
160	43
161	43
162	43
163	43
164	43
165	43
166	43
167	43
168	43
169	43
170	43
171	43
172	43
173	43
174	43
175	43
176	43
177	43
178	43
179	43
180	43
181	43
182	43
183	43
184	43
185	43
186	43
187	43
188	43
189	43
190	43
191	43
192	43
193	43
194	43
195	43
196	43
197	43
198	43
199	43
117	44
118	44
119	44
120	44
121	44
122	44
123	44
124	44
125	44
126	44
127	44
128	44
129	44
130	44
131	44
132	44
133	44
134	44
135	44
136	44
137	44
138	44
139	44
140	44
141	44
142	44
143	44
144	44
145	44
146	44
147	44
148	44
149	44
150	44
151	44
152	44
153	44
154	44
155	44
156	44
157	44
158	44
159	44
160	44
161	44
162	44
163	44
164	44
165	44
166	44
167	44
168	44
169	44
170	44
171	44
172	44
173	44
174	44
175	44
176	44
177	44
178	44
179	44
180	44
181	44
182	44
183	44
184	44
185	44
186	44
187	44
188	44
189	44
190	44
191	44
192	44
193	44
194	44
195	44
196	44
197	44
198	44
199	44
118	45
119	45
120	45
121	45
122	45
123	45
124	45
125	45
126	45
127	45
128	45
129	45
130	45
131	45
132	45
133	45
134	45
135	45
136	45
137	45
138	45
139	45
140	45
141	45
142	45
143	45
144	45
145	45
146	45
147	45
148	45
149	45
150	45
151	45
152	45
153	45
154	45
155	45
156	45
157	45
158	45
159	45
160	45
161	45
162	45
163	45
164	45
165	45
166	45
167	45
168	45
169	45
170	45
171	45
172	45
173	45
174	45
175	45
176	45
177	45
178	45
179	45
180	45
181	45
182	45
183	45
184	45
185	45
186	45
187	45
188	45
189	45
190	45
191	45
192	45
193	45
194	45
195	45
196	45
197	45
198	45
199	45
119	46
120	46
121	46
122	46
123	46
124	46
125	46
126	46
127	46
128	46
129	46
130	46
131	46
132	46
133	46
134	46
135	46
136	46
137	46
138	46
139	46
140	46
141	46
142	46
143	46
144	46
145	46
146	46
147	46
148	46
149	46
150	46
151	46
152	46
153	46
154	46
155	46
156	46
157	46
158	46
159	46
160	46
161	46
162	46
163	46
164	46
165	46
166	46
167	46
168	46
169	46
170	46
171	46
172	46
173	46
174	46
175	46
176	46
177	46
178	46
179	46
180	46
181	46
182	46
183	46
184	46
185	46
186	46
187	46
188	46
189	46
190	46
191	46
192	46
193	46
194	46
195	46
196	46
197	46
198	46
199	46
125	47
126	47
127	47
128	47
129	47
130	47
131	47
132	47
133	47
134	47
135	47
136	47
137	47
138	47
139	47
140	47
141	47
142	47
143	47
144	47
145	47
146	47
147	47
148	47
149	47
150	47
151	47
152	47
153	47
154	47
155	47
156	47
157	47
158	47
159	47
160	47
161	47
162	47
163	47
164	47
165	47
166	47
167	47
168	47
169	47
170	47
171	47
172	47
173	47
174	47
175	47
176	47
177	47
178	47
179	47
180	47
181	47
182	47
183	47
184	47
185	47
186	47
187	47
188	47
189	47
190	47
191	47
192	47
193	47
194	47
195	47
196	47
197	47
198	47
199	47
126	48
127	48
128	48
129	48
130	48
131	48
132	48
133	48
134	48
135	48
136	48
137	48
138	48
139	48
140	48
141	48
142	48
143	48
144	48
145	48
146	48
147	48
148	48
149	48
150	48
151	48
152	48
153	48
154	48
155	48
156	48
157	48
158	48
159	48
160	48
161	48
162	48
163	48
164	48
165	48
166	48
167	48
168	48
169	48
170	48
171	48
172	48
173	48
174	48
175	48
176	48
177	48
178	48
179	48
180	48
181	48
182	48
183	48
184	48
185	48
186	48
187	48
188	48
189	48
190	48
191	48
192	48
193	48
194	48
195	48
196	48
197	48
198	48
199	48
127	49
128	49
129	49
130	49
131	49
132	49
133	49
134	49
135	49
136	49
137	49
138	49
139	49
140	49
141	49
142	49
143	49
144	49
145	49
146	49
147	49
148	49
149	49
150	49
151	49
152	49
153	49
154	49
155	49
156	49
157	49
158	49
159	49
160	49
161	49
162	49
163	49
164	49
165	49
166	49
167	49
168	49
169	49
170	49
171	49
172	49
173	49
174	49
175	49
176	49
177	49
178	49
179	49
180	49
181	49
182	49
183	49
184	49
185	49
186	49
187	49
188	49
189	49
190	49
191	49
192	49
193	49
194	49
195	49
196	49
197	49
198	49
199	49
128	50
129	50
130	50
131	50
132	50
133	50
134	50
135	50
136	50
137	50
138	50
139	50
140	50
141	50
142	50
143	50
144	50
145	50
146	50
147	50
148	50
149	50
150	50
151	50
152	50
153	50
154	50
155	50
156	50
157	50
158	50
159	50
160	50
161	50
162	50
163	50
164	50
165	50
166	50
167	50
168	50
169	50
170	50
171	50
172	50
173	50
174	50
175	50
176	50
177	50
178	50
179	50
180	50
181	50
182	50
183	50
184	50
185	50
186	50
187	50
188	50
189	50
190	50
191	50
192	50
193	50
194	50
195	50
196	50
197	50
198	50
199	50
129	51
130	51
131	51
132	51
133	51
134	51
135	51
136	51
137	51
138	51
139	51
140	51
141	51
142	51
143	51
144	51
145	51
146	51
147	51
148	51
149	51
150	51
151	51
152	51
153	51
154	51
155	51
156	51
157	51
158	51
159	51
160	51
161	51
162	51
163	51
164	51
165	51
166	51
167	51
168	51
169	51
170	51
171	51
172	51
173	51
174	51
175	51
176	51
177	51
178	51
179	51
180	51
181	51
182	51
183	51
184	51
185	51
186	51
187	51
188	51
189	51
190	51
191	51
192	51
193	51
194	51
195	51
196	51
197	51
198	51
199	51
130	52
131	52
132	52
133	52
134	52
135	52
136	52
137	52
138	52
139	52
140	52
141	52
142	52
143	52
144	52
145	52
146	52
147	52
148	52
149	52
150	52
151	52
152	52
153	52
154	52
155	52
156	52
157	52
158	52
159	52
160	52
161	52
162	52
163	52
164	52
165	52
166	52
167	52
168	52
169	52
170	52
171	52
172	52
173	52
174	52
175	52
176	52
177	52
178	52
179	52
180	52
181	52
182	52
183	52
184	52
185	52
186	52
187	52
188	52
189	52
190	52
191	52
192	52
193	52
194	52
195	52
196	52
197	52
198	52
199	52
131	53
132	53
133	53
134	53
135	53
136	53
137	53
138	53
139	53
140	53
141	53
142	53
143	53
144	53
145	53
146	53
147	53
148	53
149	53
150	53
151	53
152	53
153	53
154	53
155	53
156	53
157	53
158	53
159	53
160	53
161	53
162	53
163	53
164	53
165	53
166	53
167	53
168	53
169	53
170	53
171	53
172	53
173	53
174	53
175	53
176	53
177	53
178	53
179	53
180	53
181	53
182	53
183	53
184	53
185	53
186	53
187	53
188	53
189	53
190	53
191	53
192	53
193	53
194	53
195	53
196	53
197	53
198	53
199	53
137	54
138	54
139	54
140	54
141	54
142	54
143	54
144	54
145	54
146	54
147	54
148	54
149	54
150	54
151	54
152	54
153	54
154	54
155	54
156	54
157	54
158	54
159	54
160	54
161	54
162	54
163	54
164	54
165	54
166	54
167	54
168	54
169	54
170	54
171	54
172	54
173	54
174	54
175	54
176	54
177	54
178	54
179	54
180	54
181	54
182	54
183	54
184	54
185	54
186	54
187	54
188	54
189	54
190	54
191	54
192	54
193	54
194	54
195	54
196	54
197	54
198	54
199	54
138	55
139	55
140	55
141	55
142	55
143	55
144	55
145	55
146	55
147	55
148	55
149	55
150	55
151	55
152	55
153	55
154	55
155	55
156	55
157	55
158	55
159	55
160	55
161	55
162	55
163	55
164	55
165	55
166	55
167	55
168	55
169	55
170	55
171	55
172	55
173	55
174	55
175	55
176	55
177	55
178	55
179	55
180	55
181	55
182	55
183	55
184	55
185	55
186	55
187	55
188	55
189	55
190	55
191	55
192	55
193	55
194	55
195	55
196	55
197	55
198	55
199	55
139	56
140	56
141	56
142	56
143	56
144	56
145	56
146	56
147	56
148	56
149	56
150	56
151	56
152	56
153	56
154	56
155	56
156	56
157	56
158	56
159	56
160	56
161	56
162	56
163	56
164	56
165	56
166	56
167	56
168	56
169	56
170	56
171	56
172	56
173	56
174	56
175	56
176	56
177	56
178	56
179	56
180	56
181	56
182	56
183	56
184	56
185	56
186	56
187	56
188	56
189	56
190	56
191	56
192	56
193	56
194	56
195	56
196	56
197	56
198	56
199	56
140	57
141	57
142	57
143	57
144	57
145	57
146	57
147	57
148	57
149	57
150	57
151	57
152	57
153	57
154	57
155	57
156	57
157	57
158	57
159	57
160	57
161	57
162	57
163	57
164	57
165	57
166	57
167	57
168	57
169	57
170	57
171	57
172	57
173	57
174	57
175	57
176	57
177	57
178	57
179	57
180	57
181	57
182	57
183	57
184	57
185	57
186	57
187	57
188	57
189	57
190	57
191	57
192	57
193	57
194	57
195	57
196	57
197	57
198	57
199	57
146	58
147	58
148	58
149	58
150	58
151	58
152	58
153	58
154	58
155	58
156	58
157	58
158	58
159	58
160	58
161	58
162	58
163	58
164	58
165	58
166	58
167	58
168	58
169	58
170	58
171	58
172	58
173	58
174	58
175	58
176	58
177	58
178	58
179	58
180	58
181	58
182	58
183	58
184	58
185	58
186	58
187	58
188	58
189	58
190	58
191	58
192	58
193	58
194	58
195	58
196	58
197	58
198	58
199	58
147	59
148	59
149	59
150	59
151	59
152	59
153	59
154	59
155	59
156	59
157	59
158	59
159	59
160	59
161	59
162	59
163	59
164	59
165	59
166	59
167	59
168	59
169	59
170	59
171	59
172	59
173	59
174	59
175	59
176	59
177	59
178	59
179	59
180	59
181	59
182	59
183	59
184	59
185	59
186	59
187	59
188	59
189	59
190	59
191	59
192	59
193	59
194	59
195	59
196	59
197	59
198	59
199	59
148	60
149	60
150	60
151	60
152	60
153	60
154	60
155	60
156	60
157	60
158	60
159	60
160	60
161	60
162	60
163	60
164	60
165	60
166	60
167	60
168	60
169	60
170	60
171	60
172	60
173	60
174	60
175	60
176	60
177	60
178	60
179	60
180	60
181	60
182	60
183	60
184	60
185	60
186	60
187	60
188	60
189	60
190	60
191	60
192	60
193	60
194	60
195	60
196	60
197	60
198	60
199	60
151	61
152	61
153	61
154	61
155	61
156	61
157	61
158	61
159	61
160	61
161	61
162	61
163	61
164	61
165	61
166	61
167	61
168	61
169	61
170	61
171	61
172	61
173	61
174	61
175	61
176	61
177	61
178	61
179	61
180	61
181	61
182	61
183	61
184	61
185	61
186	61
187	61
188	61
189	61
190	61
191	61
192	61
193	61
194	61
195	61
196	61
197	61
198	61
199	61
152	62
153	62
154	62
155	62
156	62
157	62
158	62
159	62
160	62
161	62
162	62
163	62
164	62
165	62
166	62
167	62
168	62
169	62
170	62
171	62
172	62
173	62
174	62
175	62
176	62
177	62
178	62
179	62
180	62
181	62
182	62
183	62
184	62
185	62
186	62
187	62
188	62
189	62
190	62
191	62
192	62
193	62
194	62
195	62
196	62
197	62
198	62
199	62
153	63
154	63
155	63
156	63
157	63
158	63
159	63
160	63
161	63
162	63
163	63
164	63
165	63
166	63
167	63
168	63
169	63
170	63
171	63
172	63
173	63
174	63
175	63
176	63
177	63
178	63
179	63
180	63
181	63
182	63
183	63
184	63
185	63
186	63
187	63
188	63
189	63
190	63
191	63
192	63
193	63
194	63
195	63
196	63
197	63
198	63
199	63
156	64
157	64
158	64
159	64
160	64
161	64
162	64
163	64
164	64
165	64
166	64
167	64
168	64
169	64
170	64
171	64
172	64
173	64
174	64
175	64
176	64
177	64
178	64
179	64
180	64
181	64
182	64
183	64
184	64
185	64
186	64
187	64
188	64
189	64
190	64
191	64
192	64
193	64
194	64
195	64
196	64
197	64
198	64
199	64
157	65
158	65
159	65
160	65
161	65
162	65
163	65
164	65
165	65
166	65
167	65
168	65
169	65
170	65
171	65
172	65
173	65
174	65
175	65
176	65
177	65
178	65
179	65
180	65
181	65
182	65
183	65
184	65
185	65
186	65
187	65
188	65
189	65
190	65
191	65
192	65
193	65
194	65
195	65
196	65
197	65
198	65
199	65
160	66
161	66
162	66
163	66
164	66
165	66
166	66
167	66
168	66
169	66
170	66
171	66
172	66
173	66
174	66
175	66
176	66
177	66
178	66
179	66
180	66
181	66
182	66
183	66
184	66
185	66
186	66
187	66
188	66
189	66
190	66
191	66
192	66
193	66
194	66
195	66
196	66
197	66
198	66
199	66
161	67
162	67
163	67
164	67
165	67
166	67
167	67
168	67
169	67
170	67
171	67
172	67
173	67
174	67
175	67
176	67
177	67
178	67
179	67
180	67
181	67
182	67
183	67
184	67
185	67
186	67
187	67
188	67
189	67
190	67
191	67
192	67
193	67
194	67
195	67
196	67
197	67
198	67
199	67
162	68
163	68
164	68
165	68
166	68
167	68
168	68
169	68
170	68
171	68
172	68
173	68
174	68
175	68
176	68
177	68
178	68
179	68
180	68
181	68
182	68
183	68
184	68
185	68
186	68
187	68
188	68
189	68
190	68
191	68
192	68
193	68
194	68
195	68
196	68
197	68
198	68
199	68
165	69
166	69
167	69
168	69
169	69
170	69
171	69
172	69
173	69
174	69
175	69
176	69
177	69
178	69
179	69
180	69
181	69
182	69
183	69
184	69
185	69
186	69
187	69
188	69
189	69
190	69
191	69
192	69
193	69
194	69
195	69
196	69
197	69
198	69
199	69
166	70
167	70
168	70
169	70
170	70
171	70
172	70
173	70
174	70
175	70
176	70
177	70
178	70
179	70
180	70
181	70
182	70
183	70
184	70
185	70
186	70
187	70
188	70
189	70
190	70
191	70
192	70
193	70
194	70
195	70
196	70
197	70
198	70
199	70
167	71
168	71
169	71
170	71
171	71
172	71
173	71
174	71
175	71
176	71
177	71
178	71
179	71
180	71
181	71
182	71
183	71
184	71
185	71
186	71
187	71
188	71
189	71
190	71
191	71
192	71
193	71
194	71
195	71
196	71
197	71
198	71
199	71
168	72
169	72
170	72
171	72
172	72
173	72
174	72
175	72
176	72
177	72
178	72
179	72
180	72
181	72
182	72
183	72
184	72
185	72
186	72
187	72
188	72
189	72
190	72
191	72
192	72
193	72
194	72
195	72
196	72
197	72
198	72
199	72
104	73
105	73
106	73
107	73
108	73
109	73
110	73
111	73
112	73
113	73
114	73
115	73
116	73
117	73
118	73
119	73
120	73
121	73
122	73
123	73
124	73
125	73
126	73
127	73
128	73
129	73
130	73
131	73
132	73
133	73
134	73
135	73
136	73
137	73
138	73
139	73
140	73
141	73
142	73
143	73
144	73
145	73
146	73
147	73
148	73
149	73
150	73
151	73
152	73
153	73
154	73
155	73
156	73
157	73
158	73
159	73
160	73
161	73
162	73
163	73
164	73
165	73
166	73
167	73
168	73
169	73
170	73
171	73
172	73
173	73
174	73
175	73
176	73
177	73
178	73
179	73
180	73
181	73
182	73
183	73
184	73
185	73
186	73
187	73
188	73
189	73
190	73
191	73
192	73
193	73
194	73
195	73
196	73
197	73
198	73
199	73
107	74
108	74
109	74
110	74
111	74
112	74
113	74
114	74
115	74
116	74
117	74
118	74
119	74
120	74
121	74
122	74
123	74
124	74
125	74
126	74
127	74
128	74
129	74
130	74
131	74
132	74
133	74
134	74
135	74
136	74
137	74
138	74
139	74
140	74
141	74
142	74
143	74
144	74
145	74
146	74
147	74
148	74
149	74
150	74
151	74
152	74
153	74
154	74
155	74
156	74
157	74
158	74
159	74
160	74
161	74
162	74
163	74
164	74
165	74
166	74
167	74
168	74
169	74
170	74
171	74
172	74
173	74
174	74
175	74
176	74
177	74
178	74
179	74
180	74
181	74
182	74
183	74
184	74
185	74
186	74
187	74
188	74
189	74
190	74
191	74
192	74
193	74
194	74
195	74
196	74
197	74
198	74
199	74
108	75
109	75
110	75
111	75
112	75
113	75
114	75
115	75
116	75
117	75
118	75
119	75
120	75
121	75
122	75
123	75
124	75
125	75
126	75
127	75
128	75
129	75
130	75
131	75
132	75
133	75
134	75
135	75
136	75
137	75
138	75
139	75
140	75
141	75
142	75
143	75
144	75
145	75
146	75
147	75
148	75
149	75
150	75
151	75
152	75
153	75
154	75
155	75
156	75
157	75
158	75
159	75
160	75
161	75
162	75
163	75
164	75
165	75
166	75
167	75
168	75
169	75
170	75
171	75
172	75
173	75
174	75
175	75
176	75
177	75
178	75
179	75
180	75
181	75
182	75
183	75
184	75
185	75
186	75
187	75
188	75
189	75
190	75
191	75
192	75
193	75
194	75
195	75
196	75
197	75
198	75
199	75
109	76
110	76
111	76
112	76
113	76
114	76
115	76
116	76
117	76
118	76
119	76
120	76
121	76
122	76
123	76
124	76
125	76
126	76
127	76
128	76
129	76
130	76
131	76
132	76
133	76
134	76
135	76
136	76
137	76
138	76
139	76
140	76
141	76
142	76
143	76
144	76
145	76
146	76
147	76
148	76
149	76
150	76
151	76
152	76
153	76
154	76
155	76
156	76
157	76
158	76
159	76
160	76
161	76
162	76
163	76
164	76
165	76
166	76
167	76
168	76
169	76
170	76
171	76
172	76
173	76
174	76
175	76
176	76
177	76
178	76
179	76
180	76
181	76
182	76
183	76
184	76
185	76
186	76
187	76
188	76
189	76
190	76
191	76
192	76
193	76
194	76
195	76
196	76
197	76
198	76
199	76
112	77
113	77
114	77
115	77
116	77
117	77
118	77
119	77
120	77
121	77
122	77
123	77
124	77
125	77
126	77
127	77
128	77
129	77
130	77
131	77
132	77
133	77
134	77
135	77
136	77
137	77
138	77
139	77
140	77
141	77
142	77
143	77
144	77
145	77
146	77
147	77
148	77
149	77
150	77
151	77
152	77
153	77
154	77
155	77
156	77
157	77
158	77
159	77
160	77
161	77
162	77
163	77
164	77
165	77
166	77
167	77
168	77
169	77
170	77
171	77
172	77
173	77
174	77
175	77
176	77
177	77
178	77
179	77
180	77
181	77
182	77
183	77
184	77
185	77
186	77
187	77
188	77
189	77
190	77
191	77
192	77
193	77
194	77
195	77
196	77
197	77
198	77
199	77
113	78
114	78
115	78
116	78
117	78
118	78
119	78
120	78
121	78
122	78
123	78
124	78
125	78
126	78
127	78
128	78
129	78
130	78
131	78
132	78
133	78
134	78
135	78
136	78
137	78
138	78
139	78
140	78
141	78
142	78
143	78
144	78
145	78
146	78
147	78
148	78
149	78
150	78
151	78
152	78
153	78
154	78
155	78
156	78
157	78
158	78
159	78
160	78
161	78
162	78
163	78
164	78
165	78
166	78
167	78
168	78
169	78
170	78
171	78
172	78
173	78
174	78
175	78
176	78
177	78
178	78
179	78
180	78
181	78
182	78
183	78
184	78
185	78
186	78
187	78
188	78
189	78
190	78
191	78
192	78
193	78
194	78
195	78
196	78
197	78
198	78
199	78
117	79
118	79
119	79
120	79
121	79
122	79
123	79
124	79
125	79
126	79
127	79
128	79
129	79
130	79
131	79
132	79
133	79
134	79
135	79
136	79
137	79
138	79
139	79
140	79
141	79
142	79
143	79
144	79
145	79
146	79
147	79
148	79
149	79
150	79
151	79
152	79
153	79
154	79
155	79
156	79
157	79
158	79
159	79
160	79
161	79
162	79
163	79
164	79
165	79
166	79
167	79
168	79
169	79
170	79
171	79
172	79
173	79
174	79
175	79
176	79
177	79
178	79
179	79
180	79
181	79
182	79
183	79
184	79
185	79
186	79
187	79
188	79
189	79
190	79
191	79
192	79
193	79
194	79
195	79
196	79
197	79
198	79
199	79
118	80
119	80
120	80
121	80
122	80
123	80
124	80
125	80
126	80
127	80
128	80
129	80
130	80
131	80
132	80
133	80
134	80
135	80
136	80
137	80
138	80
139	80
140	80
141	80
142	80
143	80
144	80
145	80
146	80
147	80
148	80
149	80
150	80
151	80
152	80
153	80
154	80
155	80
156	80
157	80
158	80
159	80
160	80
161	80
162	80
163	80
164	80
165	80
166	80
167	80
168	80
169	80
170	80
171	80
172	80
173	80
174	80
175	80
176	80
177	80
178	80
179	80
180	80
181	80
182	80
183	80
184	80
185	80
186	80
187	80
188	80
189	80
190	80
191	80
192	80
193	80
194	80
195	80
196	80
197	80
198	80
199	80
119	81
120	81
121	81
122	81
123	81
124	81
125	81
126	81
127	81
128	81
129	81
130	81
131	81
132	81
133	81
134	81
135	81
136	81
137	81
138	81
139	81
140	81
141	81
142	81
143	81
144	81
145	81
146	81
147	81
148	81
149	81
150	81
151	81
152	81
153	81
154	81
155	81
156	81
157	81
158	81
159	81
160	81
161	81
162	81
163	81
164	81
165	81
166	81
167	81
168	81
169	81
170	81
171	81
172	81
173	81
174	81
175	81
176	81
177	81
178	81
179	81
180	81
181	81
182	81
183	81
184	81
185	81
186	81
187	81
188	81
189	81
190	81
191	81
192	81
193	81
194	81
195	81
196	81
197	81
198	81
199	81
124	82
125	82
126	82
127	82
128	82
129	82
130	82
131	82
132	82
133	82
134	82
135	82
136	82
137	82
138	82
139	82
140	82
141	82
142	82
143	82
144	82
145	82
146	82
147	82
148	82
149	82
150	82
151	82
152	82
153	82
154	82
155	82
156	82
157	82
158	82
159	82
160	82
161	82
162	82
163	82
164	82
165	82
166	82
167	82
168	82
169	82
170	82
171	82
172	82
173	82
174	82
175	82
176	82
177	82
178	82
179	82
180	82
181	82
182	82
183	82
184	82
185	82
186	82
187	82
188	82
189	82
190	82
191	82
192	82
193	82
194	82
195	82
196	82
197	82
198	82
199	82
125	83
126	83
127	83
128	83
129	83
130	83
131	83
132	83
133	83
134	83
135	83
136	83
137	83
138	83
139	83
140	83
141	83
142	83
143	83
144	83
145	83
146	83
147	83
148	83
149	83
150	83
151	83
152	83
153	83
154	83
155	83
156	83
157	83
158	83
159	83
160	83
161	83
162	83
163	83
164	83
165	83
166	83
167	83
168	83
169	83
170	83
171	83
172	83
173	83
174	83
175	83
176	83
177	83
178	83
179	83
180	83
181	83
182	83
183	83
184	83
185	83
186	83
187	83
188	83
189	83
190	83
191	83
192	83
193	83
194	83
195	83
196	83
197	83
198	83
199	83
126	84
127	84
128	84
129	84
130	84
131	84
132	84
133	84
134	84
135	84
136	84
137	84
138	84
139	84
140	84
141	84
142	84
143	84
144	84
145	84
146	84
147	84
148	84
149	84
150	84
151	84
152	84
153	84
154	84
155	84
156	84
157	84
158	84
159	84
160	84
161	84
162	84
163	84
164	84
165	84
166	84
167	84
168	84
169	84
170	84
171	84
172	84
173	84
174	84
175	84
176	84
177	84
178	84
179	84
180	84
181	84
182	84
183	84
184	84
185	84
186	84
187	84
188	84
189	84
190	84
191	84
192	84
193	84
194	84
195	84
196	84
197	84
198	84
199	84
127	85
128	85
129	85
130	85
131	85
132	85
133	85
134	85
135	85
136	85
137	85
138	85
139	85
140	85
141	85
142	85
143	85
144	85
145	85
146	85
147	85
148	85
149	85
150	85
151	85
152	85
153	85
154	85
155	85
156	85
157	85
158	85
159	85
160	85
161	85
162	85
163	85
164	85
165	85
166	85
167	85
168	85
169	85
170	85
171	85
172	85
173	85
174	85
175	85
176	85
177	85
178	85
179	85
180	85
181	85
182	85
183	85
184	85
185	85
186	85
187	85
188	85
189	85
190	85
191	85
192	85
193	85
194	85
195	85
196	85
197	85
198	85
199	85
128	86
129	86
130	86
131	86
132	86
133	86
134	86
135	86
136	86
137	86
138	86
139	86
140	86
141	86
142	86
143	86
144	86
145	86
146	86
147	86
148	86
149	86
150	86
151	86
152	86
153	86
154	86
155	86
156	86
157	86
158	86
159	86
160	86
161	86
162	86
163	86
164	86
165	86
166	86
167	86
168	86
169	86
170	86
171	86
172	86
173	86
174	86
175	86
176	86
177	86
178	86
179	86
180	86
181	86
182	86
183	86
184	86
185	86
186	86
187	86
188	86
189	86
190	86
191	86
192	86
193	86
194	86
195	86
196	86
197	86
198	86
199	86
135	87
136	87
137	87
138	87
139	87
140	87
141	87
142	87
143	87
144	87
145	87
146	87
147	87
148	87
149	87
150	87
151	87
152	87
153	87
154	87
155	87
156	87
157	87
158	87
159	87
160	87
161	87
162	87
163	87
164	87
165	87
166	87
167	87
168	87
169	87
170	87
171	87
172	87
173	87
174	87
175	87
176	87
177	87
178	87
179	87
180	87
181	87
182	87
183	87
184	87
185	87
186	87
187	87
188	87
189	87
190	87
191	87
192	87
193	87
194	87
195	87
196	87
197	87
198	87
199	87
136	88
137	88
138	88
139	88
140	88
141	88
142	88
143	88
144	88
145	88
146	88
147	88
148	88
149	88
150	88
151	88
152	88
153	88
154	88
155	88
156	88
157	88
158	88
159	88
160	88
161	88
162	88
163	88
164	88
165	88
166	88
167	88
168	88
169	88
170	88
171	88
172	88
173	88
174	88
175	88
176	88
177	88
178	88
179	88
180	88
181	88
182	88
183	88
184	88
185	88
186	88
187	88
188	88
189	88
190	88
191	88
192	88
193	88
194	88
195	88
196	88
197	88
198	88
199	88
137	89
138	89
139	89
140	89
141	89
142	89
143	89
144	89
145	89
146	89
147	89
148	89
149	89
150	89
151	89
152	89
153	89
154	89
155	89
156	89
157	89
158	89
159	89
160	89
161	89
162	89
163	89
164	89
165	89
166	89
167	89
168	89
169	89
170	89
171	89
172	89
173	89
174	89
175	89
176	89
177	89
178	89
179	89
180	89
181	89
182	89
183	89
184	89
185	89
186	89
187	89
188	89
189	89
190	89
191	89
192	89
193	89
194	89
195	89
196	89
197	89
198	89
199	89
138	90
139	90
140	90
141	90
142	90
143	90
144	90
145	90
146	90
147	90
148	90
149	90
150	90
151	90
152	90
153	90
154	90
155	90
156	90
157	90
158	90
159	90
160	90
161	90
162	90
163	90
164	90
165	90
166	90
167	90
168	90
169	90
170	90
171	90
172	90
173	90
174	90
175	90
176	90
177	90
178	90
179	90
180	90
181	90
182	90
183	90
184	90
185	90
186	90
187	90
188	90
189	90
190	90
191	90
192	90
193	90
194	90
195	90
196	90
197	90
198	90
199	90
139	91
140	91
141	91
142	91
143	91
144	91
145	91
146	91
147	91
148	91
149	91
150	91
151	91
152	91
153	91
154	91
155	91
156	91
157	91
158	91
159	91
160	91
161	91
162	91
163	91
164	91
165	91
166	91
167	91
168	91
169	91
170	91
171	91
172	91
173	91
174	91
175	91
176	91
177	91
178	91
179	91
180	91
181	91
182	91
183	91
184	91
185	91
186	91
187	91
188	91
189	91
190	91
191	91
192	91
193	91
194	91
195	91
196	91
197	91
198	91
199	91
145	92
146	92
147	92
148	92
149	92
150	92
151	92
152	92
153	92
154	92
155	92
156	92
157	92
158	92
159	92
160	92
161	92
162	92
163	92
164	92
165	92
166	92
167	92
168	92
169	92
170	92
171	92
172	92
173	92
174	92
175	92
176	92
177	92
178	92
179	92
180	92
181	92
182	92
183	92
184	92
185	92
186	92
187	92
188	92
189	92
190	92
191	92
192	92
193	92
194	92
195	92
196	92
197	92
198	92
199	92
146	93
147	93
148	93
149	93
150	93
151	93
152	93
153	93
154	93
155	93
156	93
157	93
158	93
159	93
160	93
161	93
162	93
163	93
164	93
165	93
166	93
167	93
168	93
169	93
170	93
171	93
172	93
173	93
174	93
175	93
176	93
177	93
178	93
179	93
180	93
181	93
182	93
183	93
184	93
185	93
186	93
187	93
188	93
189	93
190	93
191	93
192	93
193	93
194	93
195	93
196	93
197	93
198	93
199	93
147	94
148	94
149	94
150	94
151	94
152	94
153	94
154	94
155	94
156	94
157	94
158	94
159	94
160	94
161	94
162	94
163	94
164	94
165	94
166	94
167	94
168	94
169	94
170	94
171	94
172	94
173	94
174	94
175	94
176	94
177	94
178	94
179	94
180	94
181	94
182	94
183	94
184	94
185	94
186	94
187	94
188	94
189	94
190	94
191	94
192	94
193	94
194	94
195	94
196	94
197	94
198	94
199	94
150	95
151	95
152	95
153	95
154	95
155	95
156	95
157	95
158	95
159	95
160	95
161	95
162	95
163	95
164	95
165	95
166	95
167	95
168	95
169	95
170	95
171	95
172	95
173	95
174	95
175	95
176	95
177	95
178	95
179	95
180	95
181	95
182	95
183	95
184	95
185	95
186	95
187	95
188	95
189	95
190	95
191	95
192	95
193	95
194	95
195	95
196	95
197	95
198	95
199	95
151	96
152	96
153	96
154	96
155	96
156	96
157	96
158	96
159	96
160	96
161	96
162	96
163	96
164	96
165	96
166	96
167	96
168	96
169	96
170	96
171	96
172	96
173	96
174	96
175	96
176	96
177	96
178	96
179	96
180	96
181	96
182	96
183	96
184	96
185	96
186	96
187	96
188	96
189	96
190	96
191	96
192	96
193	96
194	96
195	96
196	96
197	96
198	96
199	96
152	97
153	97
154	97
155	97
156	97
157	97
158	97
159	97
160	97
161	97
162	97
163	97
164	97
165	97
166	97
167	97
168	97
169	97
170	97
171	97
172	97
173	97
174	97
175	97
176	97
177	97
178	97
179	97
180	97
181	97
182	97
183	97
184	97
185	97
186	97
187	97
188	97
189	97
190	97
191	97
192	97
193	97
194	97
195	97
196	97
197	97
198	97
199	97
156	98
157	98
158	98
159	98
160	98
161	98
162	98
163	98
164	98
165	98
166	98
167	98
168	98
169	98
170	98
171	98
172	98
173	98
174	98
175	98
176	98
177	98
178	98
179	98
180	98
181	98
182	98
183	98
184	98
185	98
186	98
187	98
188	98
189	98
190	98
191	98
192	98
193	98
194	98
195	98
196	98
197	98
198	98
199	98
157	99
158	99
159	99
160	99
161	99
162	99
163	99
164	99
165	99
166	99
167	99
168	99
169	99
170	99
171	99
172	99
173	99
174	99
175	99
176	99
177	99
178	99
179	99
180	99
181	99
182	99
183	99
184	99
185	99
186	99
187	99
188	99
189	99
190	99
191	99
192	99
193	99
194	99
195	99
196	99
197	99
198	99
199	99
160	100
161	100
162	100
163	100
164	100
165	100
166	100
167	100
168	100
169	100
170	100
171	100
172	100
173	100
174	100
175	100
176	100
177	100
178	100
179	100
180	100
181	100
182	100
183	100
184	100
185	100
186	100
187	100
188	100
189	100
190	100
191	100
192	100
193	100
194	100
195	100
196	100
197	100
198	100
199	100
161	101
162	101
163	101
164	101
165	101
166	101
167	101
168	101
169	101
170	101
171	101
172	101
173	101
174	101
175	101
176	101
177	101
178	101
179	101
180	101
181	101
182	101
183	101
184	101
185	101
186	101
187	101
188	101
189	101
190	101
191	101
192	101
193	101
194	101
195	101
196	101
197	101
198	101
199	101
162	102
163	102
164	102
165	102
166	102
167	102
168	102
169	102
170	102
171	102
172	102
173	102
174	102
175	102
176	102
177	102
178	102
179	102
180	102
181	102
182	102
183	102
184	102
185	102
186	102
187	102
188	102
189	102
190	102
191	102
192	102
193	102
194	102
195	102
196	102
197	102
198	102
199	102
165	103
166	103
167	103
168	103
169	103
170	103
171	103
172	103
173	103
174	103
175	103
176	103
177	103
178	103
179	103
180	103
181	103
182	103
183	103
184	103
185	103
186	103
187	103
188	103
189	103
190	103
191	103
192	103
193	103
194	103
195	103
196	103
197	103
198	103
199	103
166	104
167	104
168	104
169	104
170	104
171	104
172	104
173	104
174	104
175	104
176	104
177	104
178	104
179	104
180	104
181	104
182	104
183	104
184	104
185	104
186	104
187	104
188	104
189	104
190	104
191	104
192	104
193	104
194	104
195	104
196	104
197	104
198	104
199	104
167	105
168	105
169	105
170	105
171	105
172	105
173	105
174	105
175	105
176	105
177	105
178	105
179	105
180	105
181	105
182	105
183	105
184	105
185	105
186	105
187	105
188	105
189	105
190	105
191	105
192	105
193	105
194	105
195	105
196	105
197	105
198	105
199	105
168	106
169	106
170	106
171	106
172	106
173	106
174	106
175	106
176	106
177	106
178	106
179	106
180	106
181	106
182	106
183	106
184	106
185	106
186	106
187	106
188	106
189	106
190	106
191	106
192	106
193	106
194	106
195	106
196	106
197	106
198	106
199	106
107	107
108	107
109	107
110	107
111	107
112	107
113	107
114	107
115	107
116	107
117	107
118	107
119	107
120	107
121	107
122	107
123	107
124	107
125	107
126	107
127	107
128	107
129	107
130	107
131	107
132	107
133	107
134	107
135	107
136	107
137	107
138	107
139	107
140	107
141	107
142	107
143	107
144	107
145	107
146	107
147	107
148	107
149	107
150	107
151	107
152	107
153	107
154	107
155	107
156	107
157	107
158	107
159	107
160	107
161	107
162	107
163	107
164	107
165	107
166	107
167	107
168	107
169	107
170	107
171	107
172	107
173	107
174	107
175	107
176	107
177	107
178	107
179	107
180	107
181	107
182	107
183	107
184	107
185	107
186	107
187	107
188	107
189	107
190	107
191	107
192	107
193	107
194	107
195	107
196	107
197	107
198	107
199	107
108	108
109	108
110	108
111	108
112	108
113	108
114	108
115	108
116	108
117	108
118	108
119	108
120	108
121	108
122	108
123	108
124	108
125	108
126	108
127	108
128	108
129	108
130	108
131	108
132	108
133	108
134	108
135	108
136	108
137	108
138	108
139	108
140	108
141	108
142	108
143	108
144	108
145	108
146	108
147	108
148	108
149	108
150	108
151	108
152	108
153	108
154	108
155	108
156	108
157	108
158	108
159	108
160	108
161	108
162	108
163	108
164	108
165	108
166	108
167	108
168	108
169	108
170	108
171	108
172	108
173	108
174	108
175	108
176	108
177	108
178	108
179	108
180	108
181	108
182	108
183	108
184	108
185	108
186	108
187	108
188	108
189	108
190	108
191	108
192	108
193	108
194	108
195	108
196	108
197	108
198	108
199	108
109	109
110	109
111	109
112	109
113	109
114	109
115	109
116	109
117	109
118	109
119	109
120	109
121	109
122	109
123	109
124	109
125	109
126	109
127	109
128	109
129	109
130	109
131	109
132	109
133	109
134	109
135	109
136	109
137	109
138	109
139	109
140	109
141	109
142	109
143	109
144	109
145	109
146	109
147	109
148	109
149	109
150	109
151	109
152	109
153	109
154	109
155	109
156	109
157	109
158	109
159	109
160	109
161	109
162	109
163	109
164	109
165	109
166	109
167	109
168	109
169	109
170	109
171	109
172	109
173	109
174	109
175	109
176	109
177	109
178	109
179	109
180	109
181	109
182	109
183	109
184	109
185	109
186	109
187	109
188	109
189	109
190	109
191	109
192	109
193	109
194	109
195	109
196	109
197	109
198	109
199	109
112	110
113	110
114	110
115	110
116	110
117	110
118	110
119	110
120	110
121	110
122	110
123	110
124	110
125	110
126	110
127	110
128	110
129	110
130	110
131	110
132	110
133	110
134	110
135	110
136	110
137	110
138	110
139	110
140	110
141	110
142	110
143	110
144	110
145	110
146	110
147	110
148	110
149	110
150	110
151	110
152	110
153	110
154	110
155	110
156	110
157	110
158	110
159	110
160	110
161	110
162	110
163	110
164	110
165	110
166	110
167	110
168	110
169	110
170	110
171	110
172	110
173	110
174	110
175	110
176	110
177	110
178	110
179	110
180	110
181	110
182	110
183	110
184	110
185	110
186	110
187	110
188	110
189	110
190	110
191	110
192	110
193	110
194	110
195	110
196	110
197	110
198	110
199	110
113	111
114	111
115	111
116	111
117	111
118	111
119	111
120	111
121	111
122	111
123	111
124	111
125	111
126	111
127	111
128	111
129	111
130	111
131	111
132	111
133	111
134	111
135	111
136	111
137	111
138	111
139	111
140	111
141	111
142	111
143	111
144	111
145	111
146	111
147	111
148	111
149	111
150	111
151	111
152	111
153	111
154	111
155	111
156	111
157	111
158	111
159	111
160	111
161	111
162	111
163	111
164	111
165	111
166	111
167	111
168	111
169	111
170	111
171	111
172	111
173	111
174	111
175	111
176	111
177	111
178	111
179	111
180	111
181	111
182	111
183	111
184	111
185	111
186	111
187	111
188	111
189	111
190	111
191	111
192	111
193	111
194	111
195	111
196	111
197	111
198	111
199	111
114	112
115	112
116	112
117	112
118	112
119	112
120	112
121	112
122	112
123	112
124	112
125	112
126	112
127	112
128	112
129	112
130	112
131	112
132	112
133	112
134	112
135	112
136	112
137	112
138	112
139	112
140	112
141	112
142	112
143	112
144	112
145	112
146	112
147	112
148	112
149	112
150	112
151	112
152	112
153	112
154	112
155	112
156	112
157	112
158	112
159	112
160	112
161	112
162	112
163	112
164	112
165	112
166	112
167	112
168	112
169	112
170	112
171	112
172	112
173	112
174	112
175	112
176	112
177	112
178	112
179	112
180	112
181	112
182	112
183	112
184	112
185	112
186	112
187	112
188	112
189	112
190	112
191	112
192	112
193	112
194	112
195	112
196	112
197	112
198	112
199	112
117	113
118	113
119	113
120	113
121	113
122	113
123	113
124	113
125	113
126	113
127	113
128	113
129	113
130	113
131	113
132	113
133	113
134	113
135	113
136	113
137	113
138	113
139	113
140	113
141	113
142	113
143	113
144	113
145	113
146	113
147	113
148	113
149	113
150	113
151	113
152	113
153	113
154	113
155	113
156	113
157	113
158	113
159	113
160	113
161	113
162	113
163	113
164	113
165	113
166	113
167	113
168	113
169	113
170	113
171	113
172	113
173	113
174	113
175	113
176	113
177	113
178	113
179	113
180	113
181	113
182	113
183	113
184	113
185	113
186	113
187	113
188	113
189	113
190	113
191	113
192	113
193	113
194	113
195	113
196	113
197	113
198	113
199	113
118	114
119	114
120	114
121	114
122	114
123	114
124	114
125	114
126	114
127	114
128	114
129	114
130	114
131	114
132	114
133	114
134	114
135	114
136	114
137	114
138	114
139	114
140	114
141	114
142	114
143	114
144	114
145	114
146	114
147	114
148	114
149	114
150	114
151	114
152	114
153	114
154	114
155	114
156	114
157	114
158	114
159	114
160	114
161	114
162	114
163	114
164	114
165	114
166	114
167	114
168	114
169	114
170	114
171	114
172	114
173	114
174	114
175	114
176	114
177	114
178	114
179	114
180	114
181	114
182	114
183	114
184	114
185	114
186	114
187	114
188	114
189	114
190	114
191	114
192	114
193	114
194	114
195	114
196	114
197	114
198	114
199	114
119	115
120	115
121	115
122	115
123	115
124	115
125	115
126	115
127	115
128	115
129	115
130	115
131	115
132	115
133	115
134	115
135	115
136	115
137	115
138	115
139	115
140	115
141	115
142	115
143	115
144	115
145	115
146	115
147	115
148	115
149	115
150	115
151	115
152	115
153	115
154	115
155	115
156	115
157	115
158	115
159	115
160	115
161	115
162	115
163	115
164	115
165	115
166	115
167	115
168	115
169	115
170	115
171	115
172	115
173	115
174	115
175	115
176	115
177	115
178	115
179	115
180	115
181	115
182	115
183	115
184	115
185	115
186	115
187	115
188	115
189	115
190	115
191	115
192	115
193	115
194	115
195	115
196	115
197	115
198	115
199	115
124	116
125	116
126	116
127	116
128	116
129	116
130	116
131	116
132	116
133	116
134	116
135	116
136	116
137	116
138	116
139	116
140	116
141	116
142	116
143	116
144	116
145	116
146	116
147	116
148	116
149	116
150	116
151	116
152	116
153	116
154	116
155	116
156	116
157	116
158	116
159	116
160	116
161	116
162	116
163	116
164	116
165	116
166	116
167	116
168	116
169	116
170	116
171	116
172	116
173	116
174	116
175	116
176	116
177	116
178	116
179	116
180	116
181	116
182	116
183	116
184	116
185	116
186	116
187	116
188	116
189	116
190	116
191	116
192	116
193	116
194	116
195	116
196	116
197	116
198	116
199	116
125	117
126	117
127	117
128	117
129	117
130	117
131	117
132	117
133	117
134	117
135	117
136	117
137	117
138	117
139	117
140	117
141	117
142	117
143	117
144	117
145	117
146	117
147	117
148	117
149	117
150	117
151	117
152	117
153	117
154	117
155	117
156	117
157	117
158	117
159	117
160	117
161	117
162	117
163	117
164	117
165	117
166	117
167	117
168	117
169	117
170	117
171	117
172	117
173	117
174	117
175	117
176	117
177	117
178	117
179	117
180	117
181	117
182	117
183	117
184	117
185	117
186	117
187	117
188	117
189	117
190	117
191	117
192	117
193	117
194	117
195	117
196	117
197	117
198	117
199	117
126	118
127	118
128	118
129	118
130	118
131	118
132	118
133	118
134	118
135	118
136	118
137	118
138	118
139	118
140	118
141	118
142	118
143	118
144	118
145	118
146	118
147	118
148	118
149	118
150	118
151	118
152	118
153	118
154	118
155	118
156	118
157	118
158	118
159	118
160	118
161	118
162	118
163	118
164	118
165	118
166	118
167	118
168	118
169	118
170	118
171	118
172	118
173	118
174	118
175	118
176	118
177	118
178	118
179	118
180	118
181	118
182	118
183	118
184	118
185	118
186	118
187	118
188	118
189	118
190	118
191	118
192	118
193	118
194	118
195	118
196	118
197	118
198	118
199	118
127	119
128	119
129	119
130	119
131	119
132	119
133	119
134	119
135	119
136	119
137	119
138	119
139	119
140	119
141	119
142	119
143	119
144	119
145	119
146	119
147	119
148	119
149	119
150	119
151	119
152	119
153	119
154	119
155	119
156	119
157	119
158	119
159	119
160	119
161	119
162	119
163	119
164	119
165	119
166	119
167	119
168	119
169	119
170	119
171	119
172	119
173	119
174	119
175	119
176	119
177	119
178	119
179	119
180	119
181	119
182	119
183	119
184	119
185	119
186	119
187	119
188	119
189	119
190	119
191	119
192	119
193	119
194	119
195	119
196	119
197	119
198	119
199	119
134	120
135	120
136	120
137	120
138	120
139	120
140	120
141	120
142	120
143	120
144	120
145	120
146	120
147	120
148	120
149	120
150	120
151	120
152	120
153	120
154	120
155	120
156	120
157	120
158	120
159	120
160	120
161	120
162	120
163	120
164	120
165	120
166	120
167	120
168	120
169	120
170	120
171	120
172	120
173	120
174	120
175	120
176	120
177	120
178	120
179	120
180	120
181	120
182	120
183	120
184	120
185	120
186	120
187	120
188	120
189	120
190	120
191	120
192	120
193	120
194	120
195	120
196	120
197	120
198	120
199	120
135	121
136	121
137	121
138	121
139	121
140	121
141	121
142	121
143	121
144	121
145	121
146	121
147	121
148	121
149	121
150	121
151	121
152	121
153	121
154	121
155	121
156	121
157	121
158	121
159	121
160	121
161	121
162	121
163	121
164	121
165	121
166	121
167	121
168	121
169	121
170	121
171	121
172	121
173	121
174	121
175	121
176	121
177	121
178	121
179	121
180	121
181	121
182	121
183	121
184	121
185	121
186	121
187	121
188	121
189	121
190	121
191	121
192	121
193	121
194	121
195	121
196	121
197	121
198	121
199	121
136	122
137	122
138	122
139	122
140	122
141	122
142	122
143	122
144	122
145	122
146	122
147	122
148	122
149	122
150	122
151	122
152	122
153	122
154	122
155	122
156	122
157	122
158	122
159	122
160	122
161	122
162	122
163	122
164	122
165	122
166	122
167	122
168	122
169	122
170	122
171	122
172	122
173	122
174	122
175	122
176	122
177	122
178	122
179	122
180	122
181	122
182	122
183	122
184	122
185	122
186	122
187	122
188	122
189	122
190	122
191	122
192	122
193	122
194	122
195	122
196	122
197	122
198	122
199	122
137	123
138	123
139	123
140	123
141	123
142	123
143	123
144	123
145	123
146	123
147	123
148	123
149	123
150	123
151	123
152	123
153	123
154	123
155	123
156	123
157	123
158	123
159	123
160	123
161	123
162	123
163	123
164	123
165	123
166	123
167	123
168	123
169	123
170	123
171	123
172	123
173	123
174	123
175	123
176	123
177	123
178	123
179	123
180	123
181	123
182	123
183	123
184	123
185	123
186	123
187	123
188	123
189	123
190	123
191	123
192	123
193	123
194	123
195	123
196	123
197	123
198	123
199	123
143	124
144	124
145	124
146	124
147	124
148	124
149	124
150	124
151	124
152	124
153	124
154	124
155	124
156	124
157	124
158	124
159	124
160	124
161	124
162	124
163	124
164	124
165	124
166	124
167	124
168	124
169	124
170	124
171	124
172	124
173	124
174	124
175	124
176	124
177	124
178	124
179	124
180	124
181	124
182	124
183	124
184	124
185	124
186	124
187	124
188	124
189	124
190	124
191	124
192	124
193	124
194	124
195	124
196	124
197	124
198	124
199	124
144	125
145	125
146	125
147	125
148	125
149	125
150	125
151	125
152	125
153	125
154	125
155	125
156	125
157	125
158	125
159	125
160	125
161	125
162	125
163	125
164	125
165	125
166	125
167	125
168	125
169	125
170	125
171	125
172	125
173	125
174	125
175	125
176	125
177	125
178	125
179	125
180	125
181	125
182	125
183	125
184	125
185	125
186	125
187	125
188	125
189	125
190	125
191	125
192	125
193	125
194	125
195	125
196	125
197	125
198	125
199	125
145	126
146	126
147	126
148	126
149	126
150	126
151	126
152	126
153	126
154	126
155	126
156	126
157	126
158	126
159	126
160	126
161	126
162	126
163	126
164	126
165	126
166	126
167	126
168	126
169	126
170	126
171	126
172	126
173	126
174	126
175	126
176	126
177	126
178	126
179	126
180	126
181	126
182	126
183	126
184	126
185	126
186	126
187	126
188	126
189	126
190	126
191	126
192	126
193	126
194	126
195	126
196	126
197	126
198	126
199	126
146	127
147	127
148	127
149	127
150	127
151	127
152	127
153	127
154	127
155	127
156	127
157	127
158	127
159	127
160	127
161	127
162	127
163	127
164	127
165	127
166	127
167	127
168	127
169	127
170	127
171	127
172	127
173	127
174	127
175	127
176	127
177	127
178	127
179	127
180	127
181	127
182	127
183	127
184	127
185	127
186	127
187	127
188	127
189	127
190	127
191	127
192	127
193	127
194	127
195	127
196	127
197	127
198	127
199	127
150	128
151	128
152	128
153	128
154	128
155	128
156	128
157	128
158	128
159	128
160	128
161	128
162	128
163	128
164	128
165	128
166	128
167	128
168	128
169	128
170	128
171	128
172	128
173	128
174	128
175	128
176	128
177	128
178	128
179	128
180	128
181	128
182	128
183	128
184	128
185	128
186	128
187	128
188	128
189	128
190	128
191	128
192	128
193	128
194	128
195	128
196	128
197	128
198	128
199	128
151	129
152	129
153	129
154	129
155	129
156	129
157	129
158	129
159	129
160	129
161	129
162	129
163	129
164	129
165	129
166	129
167	129
168	129
169	129
170	129
171	129
172	129
173	129
174	129
175	129
176	129
177	129
178	129
179	129
180	129
181	129
182	129
183	129
184	129
185	129
186	129
187	129
188	129
189	129
190	129
191	129
192	129
193	129
194	129
195	129
196	129
197	129
198	129
199	129
152	130
153	130
154	130
155	130
156	130
157	130
158	130
159	130
160	130
161	130
162	130
163	130
164	130
165	130
166	130
167	130
168	130
169	130
170	130
171	130
172	130
173	130
174	130
175	130
176	130
177	130
178	130
179	130
180	130
181	130
182	130
183	130
184	130
185	130
186	130
187	130
188	130
189	130
190	130
191	130
192	130
193	130
194	130
195	130
196	130
197	130
198	130
199	130
155	131
156	131
157	131
158	131
159	131
160	131
161	131
162	131
163	131
164	131
165	131
166	131
167	131
168	131
169	131
170	131
171	131
172	131
173	131
174	131
175	131
176	131
177	131
178	131
179	131
180	131
181	131
182	131
183	131
184	131
185	131
186	131
187	131
188	131
189	131
190	131
191	131
192	131
193	131
194	131
195	131
196	131
197	131
198	131
199	131
156	132
157	132
158	132
159	132
160	132
161	132
162	132
163	132
164	132
165	132
166	132
167	132
168	132
169	132
170	132
171	132
172	132
173	132
174	132
175	132
176	132
177	132
178	132
179	132
180	132
181	132
182	132
183	132
184	132
185	132
186	132
187	132
188	132
189	132
190	132
191	132
192	132
193	132
194	132
195	132
196	132
197	132
198	132
199	132
157	133
158	133
159	133
160	133
161	133
162	133
163	133
164	133
165	133
166	133
167	133
168	133
169	133
170	133
171	133
172	133
173	133
174	133
175	133
176	133
177	133
178	133
179	133
180	133
181	133
182	133
183	133
184	133
185	133
186	133
187	133
188	133
189	133
190	133
191	133
192	133
193	133
194	133
195	133
196	133
197	133
198	133
199	133
160	134
161	134
162	134
163	134
164	134
165	134
166	134
167	134
168	134
169	134
170	134
171	134
172	134
173	134
174	134
175	134
176	134
177	134
178	134
179	134
180	134
181	134
182	134
183	134
184	134
185	134
186	134
187	134
188	134
189	134
190	134
191	134
192	134
193	134
194	134
195	134
196	134
197	134
198	134
199	134
161	135
162	135
163	135
164	135
165	135
166	135
167	135
168	135
169	135
170	135
171	135
172	135
173	135
174	135
175	135
176	135
177	135
178	135
179	135
180	135
181	135
182	135
183	135
184	135
185	135
186	135
187	135
188	135
189	135
190	135
191	135
192	135
193	135
194	135
195	135
196	135
197	135
198	135
199	135
165	136
166	136
167	136
168	136
169	136
170	136
171	136
172	136
173	136
174	136
175	136
176	136
177	136
178	136
179	136
180	136
181	136
182	136
183	136
184	136
185	136
186	136
187	136
188	136
189	136
190	136
191	136
192	136
193	136
194	136
195	136
196	136
197	136
198	136
199	136
166	137
167	137
168	137
169	137
170	137
171	137
172	137
173	137
174	137
175	137
176	137
177	137
178	137
179	137
180	137
181	137
182	137
183	137
184	137
185	137
186	137
187	137
188	137
189	137
190	137
191	137
192	137
193	137
194	137
195	137
196	137
197	137
198	137
199	137
167	138
168	138
169	138
170	138
171	138
172	138
173	138
174	138
175	138
176	138
177	138
178	138
179	138
180	138
181	138
182	138
183	138
184	138
185	138
186	138
187	138
188	138
189	138
190	138
191	138
192	138
193	138
194	138
195	138
196	138
197	138
198	138
199	138
108	139
109	139
110	139
111	139
112	139
113	139
114	139
115	139
116	139
117	139
118	139
119	139
120	139
121	139
122	139
123	139
124	139
125	139
126	139
127	139
128	139
129	139
130	139
131	139
132	139
133	139
134	139
135	139
136	139
137	139
138	139
139	139
140	139
141	139
142	139
143	139
144	139
145	139
146	139
147	139
148	139
149	139
150	139
151	139
152	139
153	139
154	139
155	139
156	139
157	139
158	139
159	139
160	139
161	139
162	139
163	139
164	139
165	139
166	139
167	139
168	139
169	139
170	139
171	139
172	139
173	139
174	139
175	139
176	139
177	139
178	139
179	139
180	139
181	139
182	139
183	139
184	139
185	139
186	139
187	139
188	139
189	139
190	139
191	139
192	139
193	139
194	139
195	139
196	139
197	139
198	139
199	139
109	140
110	140
111	140
112	140
113	140
114	140
115	140
116	140
117	140
118	140
119	140
120	140
121	140
122	140
123	140
124	140
125	140
126	140
127	140
128	140
129	140
130	140
131	140
132	140
133	140
134	140
135	140
136	140
137	140
138	140
139	140
140	140
141	140
142	140
143	140
144	140
145	140
146	140
147	140
148	140
149	140
150	140
151	140
152	140
153	140
154	140
155	140
156	140
157	140
158	140
159	140
160	140
161	140
162	140
163	140
164	140
165	140
166	140
167	140
168	140
169	140
170	140
171	140
172	140
173	140
174	140
175	140
176	140
177	140
178	140
179	140
180	140
181	140
182	140
183	140
184	140
185	140
186	140
187	140
188	140
189	140
190	140
191	140
192	140
193	140
194	140
195	140
196	140
197	140
198	140
199	140
112	141
113	141
114	141
115	141
116	141
117	141
118	141
119	141
120	141
121	141
122	141
123	141
124	141
125	141
126	141
127	141
128	141
129	141
130	141
131	141
132	141
133	141
134	141
135	141
136	141
137	141
138	141
139	141
140	141
141	141
142	141
143	141
144	141
145	141
146	141
147	141
148	141
149	141
150	141
151	141
152	141
153	141
154	141
155	141
156	141
157	141
158	141
159	141
160	141
161	141
162	141
163	141
164	141
165	141
166	141
167	141
168	141
169	141
170	141
171	141
172	141
173	141
174	141
175	141
176	141
177	141
178	141
179	141
180	141
181	141
182	141
183	141
184	141
185	141
186	141
187	141
188	141
189	141
190	141
191	141
192	141
193	141
194	141
195	141
196	141
197	141
198	141
199	141
113	142
114	142
115	142
116	142
117	142
118	142
119	142
120	142
121	142
122	142
123	142
124	142
125	142
126	142
127	142
128	142
129	142
130	142
131	142
132	142
133	142
134	142
135	142
136	142
137	142
138	142
139	142
140	142
141	142
142	142
143	142
144	142
145	142
146	142
147	142
148	142
149	142
150	142
151	142
152	142
153	142
154	142
155	142
156	142
157	142
158	142
159	142
160	142
161	142
162	142
163	142
164	142
165	142
166	142
167	142
168	142
169	142
170	142
171	142
172	142
173	142
174	142
175	142
176	142
177	142
178	142
179	142
180	142
181	142
182	142
183	142
184	142
185	142
186	142
187	142
188	142
189	142
190	142
191	142
192	142
193	142
194	142
195	142
196	142
197	142
198	142
199	142
114	143
115	143
116	143
117	143
118	143
119	143
120	143
121	143
122	143
123	143
124	143
125	143
126	143
127	143
128	143
129	143
130	143
131	143
132	143
133	143
134	143
135	143
136	143
137	143
138	143
139	143
140	143
141	143
142	143
143	143
144	143
145	143
146	143
147	143
148	143
149	143
150	143
151	143
152	143
153	143
154	143
155	143
156	143
157	143
158	143
159	143
160	143
161	143
162	143
163	143
164	143
165	143
166	143
167	143
168	143
169	143
170	143
171	143
172	143
173	143
174	143
175	143
176	143
177	143
178	143
179	143
180	143
181	143
182	143
183	143
184	143
185	143
186	143
187	143
188	143
189	143
190	143
191	143
192	143
193	143
194	143
195	143
196	143
197	143
198	143
199	143
117	144
118	144
119	144
120	144
121	144
122	144
123	144
124	144
125	144
126	144
127	144
128	144
129	144
130	144
131	144
132	144
133	144
134	144
135	144
136	144
137	144
138	144
139	144
140	144
141	144
142	144
143	144
144	144
145	144
146	144
147	144
148	144
149	144
150	144
151	144
152	144
153	144
154	144
155	144
156	144
157	144
158	144
159	144
160	144
161	144
162	144
163	144
164	144
165	144
166	144
167	144
168	144
169	144
170	144
171	144
172	144
173	144
174	144
175	144
176	144
177	144
178	144
179	144
180	144
181	144
182	144
183	144
184	144
185	144
186	144
187	144
188	144
189	144
190	144
191	144
192	144
193	144
194	144
195	144
196	144
197	144
198	144
199	144
118	145
119	145
120	145
121	145
122	145
123	145
124	145
125	145
126	145
127	145
128	145
129	145
130	145
131	145
132	145
133	145
134	145
135	145
136	145
137	145
138	145
139	145
140	145
141	145
142	145
143	145
144	145
145	145
146	145
147	145
148	145
149	145
150	145
151	145
152	145
153	145
154	145
155	145
156	145
157	145
158	145
159	145
160	145
161	145
162	145
163	145
164	145
165	145
166	145
167	145
168	145
169	145
170	145
171	145
172	145
173	145
174	145
175	145
176	145
177	145
178	145
179	145
180	145
181	145
182	145
183	145
184	145
185	145
186	145
187	145
188	145
189	145
190	145
191	145
192	145
193	145
194	145
195	145
196	145
197	145
198	145
199	145
119	146
120	146
121	146
122	146
123	146
124	146
125	146
126	146
127	146
128	146
129	146
130	146
131	146
132	146
133	146
134	146
135	146
136	146
137	146
138	146
139	146
140	146
141	146
142	146
143	146
144	146
145	146
146	146
147	146
148	146
149	146
150	146
151	146
152	146
153	146
154	146
155	146
156	146
157	146
158	146
159	146
160	146
161	146
162	146
163	146
164	146
165	146
166	146
167	146
168	146
169	146
170	146
171	146
172	146
173	146
174	146
175	146
176	146
177	146
178	146
179	146
180	146
181	146
182	146
183	146
184	146
185	146
186	146
187	146
188	146
189	146
190	146
191	146
192	146
193	146
194	146
195	146
196	146
197	146
198	146
199	146
124	147
125	147
126	147
127	147
128	147
129	147
130	147
131	147
132	147
133	147
134	147
135	147
136	147
137	147
138	147
139	147
140	147
141	147
142	147
143	147
144	147
145	147
146	147
147	147
148	147
149	147
150	147
151	147
152	147
153	147
154	147
155	147
156	147
157	147
158	147
159	147
160	147
161	147
162	147
163	147
164	147
165	147
166	147
167	147
168	147
169	147
170	147
171	147
172	147
173	147
174	147
175	147
176	147
177	147
178	147
179	147
180	147
181	147
182	147
183	147
184	147
185	147
186	147
187	147
188	147
189	147
190	147
191	147
192	147
193	147
194	147
195	147
196	147
197	147
198	147
199	147
125	148
126	148
127	148
128	148
129	148
130	148
131	148
132	148
133	148
134	148
135	148
136	148
137	148
138	148
139	148
140	148
141	148
142	148
143	148
144	148
145	148
146	148
147	148
148	148
149	148
150	148
151	148
152	148
153	148
154	148
155	148
156	148
157	148
158	148
159	148
160	148
161	148
162	148
163	148
164	148
165	148
166	148
167	148
168	148
169	148
170	148
171	148
172	148
173	148
174	148
175	148
176	148
177	148
178	148
179	148
180	148
181	148
182	148
183	148
184	148
185	148
186	148
187	148
188	148
189	148
190	148
191	148
192	148
193	148
194	148
195	148
196	148
197	148
198	148
199	148
126	149
127	149
128	149
129	149
130	149
131	149
132	149
133	149
134	149
135	149
136	149
137	149
138	149
139	149
140	149
141	149
142	149
143	149
144	149
145	149
146	149
147	149
148	149
149	149
150	149
151	149
152	149
153	149
154	149
155	149
156	149
157	149
158	149
159	149
160	149
161	149
162	149
163	149
164	149
165	149
166	149
167	149
168	149
169	149
170	149
171	149
172	149
173	149
174	149
175	149
176	149
177	149
178	149
179	149
180	149
181	149
182	149
183	149
184	149
185	149
186	149
187	149
188	149
189	149
190	149
191	149
192	149
193	149
194	149
195	149
196	149
197	149
198	149
199	149
127	150
128	150
129	150
130	150
131	150
132	150
133	150
134	150
135	150
136	150
137	150
138	150
139	150
140	150
141	150
142	150
143	150
144	150
145	150
146	150
147	150
148	150
149	150
150	150
151	150
152	150
153	150
154	150
155	150
156	150
157	150
158	150
159	150
160	150
161	150
162	150
163	150
164	150
165	150
166	150
167	150
168	150
169	150
170	150
171	150
172	150
173	150
174	150
175	150
176	150
177	150
178	150
179	150
180	150
181	150
182	150
183	150
184	150
185	150
186	150
187	150
188	150
189	150
190	150
191	150
192	150
193	150
194	150
195	150
196	150
197	150
198	150
199	150
132	151
133	151
134	151
135	151
136	151
137	151
138	151
139	151
140	151
141	151
142	151
143	151
144	151
145	151
146	151
147	151
148	151
149	151
150	151
151	151
152	151
153	151
154	151
155	151
156	151
157	151
158	151
159	151
160	151
161	151
162	151
163	151
164	151
165	151
166	151
167	151
168	151
169	151
170	151
171	151
172	151
173	151
174	151
175	151
176	151
177	151
178	151
179	151
180	151
181	151
182	151
183	151
184	151
185	151
186	151
187	151
188	151
189	151
190	151
191	151
192	151
193	151
194	151
195	151
196	151
197	151
198	151
199	151
133	152
134	152
135	152
136	152
137	152
138	152
139	152
140	152
141	152
142	152
143	152
144	152
145	152
146	152
147	152
148	152
149	152
150	152
151	152
152	152
153	152
154	152
155	152
156	152
157	152
158	152
159	152
160	152
161	152
162	152
163	152
164	152
165	152
166	152
167	152
168	152
169	152
170	152
171	152
172	152
173	152
174	152
175	152
176	152
177	152
178	152
179	152
180	152
181	152
182	152
183	152
184	152
185	152
186	152
187	152
188	152
189	152
190	152
191	152
192	152
193	152
194	152
195	152
196	152
197	152
198	152
199	152
134	153
135	153
136	153
137	153
138	153
139	153
140	153
141	153
142	153
143	153
144	153
145	153
146	153
147	153
148	153
149	153
150	153
151	153
152	153
153	153
154	153
155	153
156	153
157	153
158	153
159	153
160	153
161	153
162	153
163	153
164	153
165	153
166	153
167	153
168	153
169	153
170	153
171	153
172	153
173	153
174	153
175	153
176	153
177	153
178	153
179	153
180	153
181	153
182	153
183	153
184	153
185	153
186	153
187	153
188	153
189	153
190	153
191	153
192	153
193	153
194	153
195	153
196	153
197	153
198	153
199	153
135	154
136	154
137	154
138	154
139	154
140	154
141	154
142	154
143	154
144	154
145	154
146	154
147	154
148	154
149	154
150	154
151	154
152	154
153	154
154	154
155	154
156	154
157	154
158	154
159	154
160	154
161	154
162	154
163	154
164	154
165	154
166	154
167	154
168	154
169	154
170	154
171	154
172	154
173	154
174	154
175	154
176	154
177	154
178	154
179	154
180	154
181	154
182	154
183	154
184	154
185	154
186	154
187	154
188	154
189	154
190	154
191	154
192	154
193	154
194	154
195	154
196	154
197	154
198	154
199	154
141	155
142	155
143	155
144	155
145	155
146	155
147	155
148	155
149	155
150	155
151	155
152	155
153	155
154	155
155	155
156	155
157	155
158	155
159	155
160	155
161	155
162	155
163	155
164	155
165	155
166	155
167	155
168	155
169	155
170	155
171	155
172	155
173	155
174	155
175	155
176	155
177	155
178	155
179	155
180	155
181	155
182	155
183	155
184	155
185	155
186	155
187	155
188	155
189	155
190	155
191	155
192	155
193	155
194	155
195	155
196	155
197	155
198	155
199	155
142	156
143	156
144	156
145	156
146	156
147	156
148	156
149	156
150	156
151	156
152	156
153	156
154	156
155	156
156	156
157	156
158	156
159	156
160	156
161	156
162	156
163	156
164	156
165	156
166	156
167	156
168	156
169	156
170	156
171	156
172	156
173	156
174	156
175	156
176	156
177	156
178	156
179	156
180	156
181	156
182	156
183	156
184	156
185	156
186	156
187	156
188	156
189	156
190	156
191	156
192	156
193	156
194	156
195	156
196	156
197	156
198	156
199	156
143	157
144	157
145	157
146	157
147	157
148	157
149	157
150	157
151	157
152	157
153	157
154	157
155	157
156	157
157	157
158	157
159	157
160	157
161	157
162	157
163	157
164	157
165	157
166	157
167	157
168	157
169	157
170	157
171	157
172	157
173	157
174	157
175	157
176	157
177	157
178	157
179	157
180	157
181	157
182	157
183	157
184	157
185	157
186	157
187	157
188	157
189	157
190	157
191	157
192	157
193	157
194	157
195	157
196	157
197	157
198	157
199	157
144	158
145	158
146	158
147	158
148	158
149	158
150	158
151	158
152	158
153	158
154	158
155	158
156	158
157	158
158	158
159	158
160	158
161	158
162	158
163	158
164	158
165	158
166	158
167	158
168	158
169	158
170	158
171	158
172	158
173	158
174	158
175	158
176	158
177	158
178	158
179	158
180	158
181	158
182	158
183	158
184	158
185	158
186	158
187	158
188	158
189	158
190	158
191	158
192	158
193	158
194	158
195	158
196	158
197	158
198	158
199	158
145	159
146	159
147	159
148	159
149	159
150	159
151	159
152	159
153	159
154	159
155	159
156	159
157	159
158	159
159	159
160	159
161	159
162	159
163	159
164	159
165	159
166	159
167	159
168	159
169	159
170	159
171	159
172	159
173	159
174	159
175	159
176	159
177	159
178	159
179	159
180	159
181	159
182	159
183	159
184	159
185	159
186	159
187	159
188	159
189	159
190	159
191	159
192	159
193	159
194	159
195	159
196	159
197	159
198	159
199	159
149	160
150	160
151	160
152	160
153	160
154	160
155	160
156	160
157	160
158	160
159	160
160	160
161	160
162	160
163	160
164	160
165	160
166	160
167	160
168	160
169	160
170	160
171	160
172	160
173	160
174	160
175	160
176	160
177	160
178	160
179	160
180	160
181	160
182	160
183	160
184	160
185	160
186	160
187	160
188	160
189	160
190	160
191	160
192	160
193	160
194	160
195	160
196	160
197	160
198	160
199	160
150	161
151	161
152	161
153	161
154	161
155	161
156	161
157	161
158	161
159	161
160	161
161	161
162	161
163	161
164	161
165	161
166	161
167	161
168	161
169	161
170	161
171	161
172	161
173	161
174	161
175	161
176	161
177	161
178	161
179	161
180	161
181	161
182	161
183	161
184	161
185	161
186	161
187	161
188	161
189	161
190	161
191	161
192	161
193	161
194	161
195	161
196	161
197	161
198	161
199	161
151	162
152	162
153	162
154	162
155	162
156	162
157	162
158	162
159	162
160	162
161	162
162	162
163	162
164	162
165	162
166	162
167	162
168	162
169	162
170	162
171	162
172	162
173	162
174	162
175	162
176	162
177	162
178	162
179	162
180	162
181	162
182	162
183	162
184	162
185	162
186	162
187	162
188	162
189	162
190	162
191	162
192	162
193	162
194	162
195	162
196	162
197	162
198	162
199	162
155	163
156	163
157	163
158	163
159	163
160	163
161	163
162	163
163	163
164	163
165	163
166	163
167	163
168	163
169	163
170	163
171	163
172	163
173	163
174	163
175	163
176	163
177	163
178	163
179	163
180	163
181	163
182	163
183	163
184	163
185	163
186	163
187	163
188	163
189	163
190	163
191	163
192	163
193	163
194	163
195	163
196	163
197	163
198	163
199	163
156	164
157	164
158	164
159	164
160	164
161	164
162	164
163	164
164	164
165	164
166	164
167	164
168	164
169	164
170	164
171	164
172	164
173	164
174	164
175	164
176	164
177	164
178	164
179	164
180	164
181	164
182	164
183	164
184	164
185	164
186	164
187	164
188	164
189	164
190	164
191	164
192	164
193	164
194	164
195	164
196	164
197	164
198	164
199	164
160	165
161	165
162	165
163	165
164	165
165	165
166	165
167	165
168	165
169	165
170	165
171	165
172	165
173	165
174	165
175	165
176	165
177	165
178	165
179	165
180	165
181	165
182	165
183	165
184	165
185	165
186	165
187	165
188	165
189	165
190	165
191	165
192	165
193	165
194	165
195	165
196	165
197	165
198	165
199	165
161	166
162	166
163	166
164	166
165	166
166	166
167	166
168	166
169	166
170	166
171	166
172	166
173	166
174	166
175	166
176	166
177	166
178	166
179	166
180	166
181	166
182	166
183	166
184	166
185	166
186	166
187	166
188	166
189	166
190	166
191	166
192	166
193	166
194	166
195	166
196	166
197	166
198	166
199	166
165	167
166	167
167	167
168	167
169	167
170	167
171	167
172	167
173	167
174	167
175	167
176	167
177	167
178	167
179	167
180	167
181	167
182	167
183	167
184	167
185	167
186	167
187	167
188	167
189	167
190	167
191	167
192	167
193	167
194	167
195	167
196	167
197	167
198	167
199	167
166	168
167	168
168	168
169	168
170	168
171	168
172	168
173	168
174	168
175	168
176	168
177	168
178	168
179	168
180	168
181	168
182	168
183	168
184	168
185	168
186	168
187	168
188	168
189	168
190	168
191	168
192	168
193	168
194	168
195	168
196	168
197	168
198	168
199	168
167	169
168	169
169	169
170	169
171	169
172	169
173	169
174	169
175	169
176	169
177	169
178	169
179	169
180	169
181	169
182	169
183	169
184	169
185	169
186	169
187	169
188	169
189	169
190	169
191	169
192	169
193	169
194	169
195	169
196	169
197	169
198	169
199	169
109	170
110	170
111	170
112	170
113	170
114	170
115	170
116	170
117	170
118	170
119	170
120	170
121	170
122	170
123	170
124	170
125	170
126	170
127	170
128	170
129	170
130	170
131	170
132	170
133	170
134	170
135	170
136	170
137	170
138	170
139	170
140	170
141	170
142	170
143	170
144	170
145	170
146	170
147	170
148	170
149	170
150	170
151	170
152	170
153	170
154	170
155	170
156	170
157	170
158	170
159	170
160	170
161	170
162	170
163	170
164	170
165	170
166	170
167	170
168	170
169	170
170	170
171	170
172	170
173	170
174	170
175	170
176	170
177	170
178	170
179	170
180	170
181	170
182	170
183	170
184	170
185	170
186	170
187	170
188	170
189	170
190	170
191	170
192	170
193	170
194	170
195	170
196	170
197	170
198	170
199	170
112	171
113	171
114	171
115	171
116	171
117	171
118	171
119	171
120	171
121	171
122	171
123	171
124	171
125	171
126	171
127	171
128	171
129	171
130	171
131	171
132	171
133	171
134	171
135	171
136	171
137	171
138	171
139	171
140	171
141	171
142	171
143	171
144	171
145	171
146	171
147	171
148	171
149	171
150	171
151	171
152	171
153	171
154	171
155	171
156	171
157	171
158	171
159	171
160	171
161	171
162	171
163	171
164	171
165	171
166	171
167	171
168	171
169	171
170	171
171	171
172	171
173	171
174	171
175	171
176	171
177	171
178	171
179	171
180	171
181	171
182	171
183	171
184	171
185	171
186	171
187	171
188	171
189	171
190	171
191	171
192	171
193	171
194	171
195	171
196	171
197	171
198	171
199	171
113	172
114	172
115	172
116	172
117	172
118	172
119	172
120	172
121	172
122	172
123	172
124	172
125	172
126	172
127	172
128	172
129	172
130	172
131	172
132	172
133	172
134	172
135	172
136	172
137	172
138	172
139	172
140	172
141	172
142	172
143	172
144	172
145	172
146	172
147	172
148	172
149	172
150	172
151	172
152	172
153	172
154	172
155	172
156	172
157	172
158	172
159	172
160	172
161	172
162	172
163	172
164	172
165	172
166	172
167	172
168	172
169	172
170	172
171	172
172	172
173	172
174	172
175	172
176	172
177	172
178	172
179	172
180	172
181	172
182	172
183	172
184	172
185	172
186	172
187	172
188	172
189	172
190	172
191	172
192	172
193	172
194	172
195	172
196	172
197	172
198	172
199	172
114	173
115	173
116	173
117	173
118	173
119	173
120	173
121	173
122	173
123	173
124	173
125	173
126	173
127	173
128	173
129	173
130	173
131	173
132	173
133	173
134	173
135	173
136	173
137	173
138	173
139	173
140	173
141	173
142	173
143	173
144	173
145	173
146	173
147	173
148	173
149	173
150	173
151	173
152	173
153	173
154	173
155	173
156	173
157	173
158	173
159	173
160	173
161	173
162	173
163	173
164	173
165	173
166	173
167	173
168	173
169	173
170	173
171	173
172	173
173	173
174	173
175	173
176	173
177	173
178	173
179	173
180	173
181	173
182	173
183	173
184	173
185	173
186	173
187	173
188	173
189	173
190	173
191	173
192	173
193	173
194	173
195	173
196	173
197	173
198	173
199	173
117	174
118	174
119	174
120	174
121	174
122	174
123	174
124	174
125	174
126	174
127	174
128	174
129	174
130	174
131	174
132	174
133	174
134	174
135	174
136	174
137	174
138	174
139	174
140	174
141	174
142	174
143	174
144	174
145	174
146	174
147	174
148	174
149	174
150	174
151	174
152	174
153	174
154	174
155	174
156	174
157	174
158	174
159	174
160	174
161	174
162	174
163	174
164	174
165	174
166	174
167	174
168	174
169	174
170	174
171	174
172	174
173	174
174	174
175	174
176	174
177	174
178	174
179	174
180	174
181	174
182	174
183	174
184	174
185	174
186	174
187	174
188	174
189	174
190	174
191	174
192	174
193	174
194	174
195	174
196	174
197	174
198	174
199	174
118	175
119	175
120	175
121	175
122	175
123	175
124	175
125	175
126	175
127	175
128	175
129	175
130	175
131	175
132	175
133	175
134	175
135	175
136	175
137	175
138	175
139	175
140	175
141	175
142	175
143	175
144	175
145	175
146	175
147	175
148	175
149	175
150	175
151	175
152	175
153	175
154	175
155	175
156	175
157	175
158	175
159	175
160	175
161	175
162	175
163	175
164	175
165	175
166	175
167	175
168	175
169	175
170	175
171	175
172	175
173	175
174	175
175	175
176	175
177	175
178	175
179	175
180	175
181	175
182	175
183	175
184	175
185	175
186	175
187	175
188	175
189	175
190	175
191	175
192	175
193	175
194	175
195	175
196	175
197	175
198	175
199	175
119	176
120	176
121	176
122	176
123	176
124	176
125	176
126	176
127	176
128	176
129	176
130	176
131	176
132	176
133	176
134	176
135	176
136	176
137	176
138	176
139	176
140	176
141	176
142	176
143	176
144	176
145	176
146	176
147	176
148	176
149	176
150	176
151	176
152	176
153	176
154	176
155	176
156	176
157	176
158	176
159	176
160	176
161	176
162	176
163	176
164	176
165	176
166	176
167	176
168	176
169	176
170	176
171	176
172	176
173	176
174	176
175	176
176	176
177	176
178	176
179	176
180	176
181	176
182	176
183	176
184	176
185	176
186	176
187	176
188	176
189	176
190	176
191	176
192	176
193	176
194	176
195	176
196	176
197	176
198	176
199	176
124	177
125	177
126	177
127	177
128	177
129	177
130	177
131	177
132	177
133	177
134	177
135	177
136	177
137	177
138	177
139	177
140	177
141	177
142	177
143	177
144	177
145	177
146	177
147	177
148	177
149	177
150	177
151	177
152	177
153	177
154	177
155	177
156	177
157	177
158	177
159	177
160	177
161	177
162	177
163	177
164	177
165	177
166	177
167	177
168	177
169	177
170	177
171	177
172	177
173	177
174	177
175	177
176	177
177	177
178	177
179	177
180	177
181	177
182	177
183	177
184	177
185	177
186	177
187	177
188	177
189	177
190	177
191	177
192	177
193	177
194	177
195	177
196	177
197	177
198	177
199	177
125	178
126	178
127	178
128	178
129	178
130	178
131	178
132	178
133	178
134	178
135	178
136	178
137	178
138	178
139	178
140	178
141	178
142	178
143	178
144	178
145	178
146	178
147	178
148	178
149	178
150	178
151	178
152	178
153	178
154	178
155	178
156	178
157	178
158	178
159	178
160	178
161	178
162	178
163	178
164	178
165	178
166	178
167	178
168	178
169	178
170	178
171	178
172	178
173	178
174	178
175	178
176	178
177	178
178	178
179	178
180	178
181	178
182	178
183	178
184	178
185	178
186	178
187	178
188	178
189	178
190	178
191	178
192	178
193	178
194	178
195	178
196	178
197	178
198	178
199	178
126	179
127	179
128	179
129	179
130	179
131	179
132	179
133	179
134	179
135	179
136	179
137	179
138	179
139	179
140	179
141	179
142	179
143	179
144	179
145	179
146	179
147	179
148	179
149	179
150	179
151	179
152	179
153	179
154	179
155	179
156	179
157	179
158	179
159	179
160	179
161	179
162	179
163	179
164	179
165	179
166	179
167	179
168	179
169	179
170	179
171	179
172	179
173	179
174	179
175	179
176	179
177	179
178	179
179	179
180	179
181	179
182	179
183	179
184	179
185	179
186	179
187	179
188	179
189	179
190	179
191	179
192	179
193	179
194	179
195	179
196	179
197	179
198	179
199	179
127	180
128	180
129	180
130	180
131	180
132	180
133	180
134	180
135	180
136	180
137	180
138	180
139	180
140	180
141	180
142	180
143	180
144	180
145	180
146	180
147	180
148	180
149	180
150	180
151	180
152	180
153	180
154	180
155	180
156	180
157	180
158	180
159	180
160	180
161	180
162	180
163	180
164	180
165	180
166	180
167	180
168	180
169	180
170	180
171	180
172	180
173	180
174	180
175	180
176	180
177	180
178	180
179	180
180	180
181	180
182	180
183	180
184	180
185	180
186	180
187	180
188	180
189	180
190	180
191	180
192	180
193	180
194	180
195	180
196	180
197	180
198	180
199	180
130	181
131	181
132	181
133	181
134	181
135	181
136	181
137	181
138	181
139	181
140	181
141	181
142	181
143	181
144	181
145	181
146	181
147	181
148	181
149	181
150	181
151	181
152	181
153	181
154	181
155	181
156	181
157	181
158	181
159	181
160	181
161	181
162	181
163	181
164	181
165	181
166	181
167	181
168	181
169	181
170	181
171	181
172	181
173	181
174	181
175	181
176	181
177	181
178	181
179	181
180	181
181	181
182	181
183	181
184	181
185	181
186	181
187	181
188	181
189	181
190	181
191	181
192	181
193	181
194	181
195	181
196	181
197	181
198	181
199	181
131	182
132	182
133	182
134	182
135	182
136	182
137	182
138	182
139	182
140	182
141	182
142	182
143	182
144	182
145	182
146	182
147	182
148	182
149	182
150	182
151	182
152	182
153	182
154	182
155	182
156	182
157	182
158	182
159	182
160	182
161	182
162	182
163	182
164	182
165	182
166	182
167	182
168	182
169	182
170	182
171	182
172	182
173	182
174	182
175	182
176	182
177	182
178	182
179	182
180	182
181	182
182	182
183	182
184	182
185	182
186	182
187	182
188	182
189	182
190	182
191	182
192	182
193	182
194	182
195	182
196	182
197	182
198	182
199	182
132	183
133	183
134	183
135	183
136	183
137	183
138	183
139	183
140	183
141	183
142	183
143	183
144	183
145	183
146	183
147	183
148	183
149	183
150	183
151	183
152	183
153	183
154	183
155	183
156	183
157	183
158	183
159	183
160	183
161	183
162	183
163	183
164	183
165	183
166	183
167	183
168	183
169	183
170	183
171	183
172	183
173	183
174	183
175	183
176	183
177	183
178	183
179	183
180	183
181	183
182	183
183	183
184	183
185	183
186	183
187	183
188	183
189	183
190	183
191	183
192	183
193	183
194	183
195	183
196	183
197	183
198	183
199	183
133	184
134	184
135	184
136	184
137	184
138	184
139	184
140	184
141	184
142	184
143	184
144	184
145	184
146	184
147	184
148	184
149	184
150	184
151	184
152	184
153	184
154	184
155	184
156	184
157	184
158	184
159	184
160	184
161	184
162	184
163	184
164	184
165	184
166	184
167	184
168	184
169	184
170	184
171	184
172	184
173	184
174	184
175	184
176	184
177	184
178	184
179	184
180	184
181	184
182	184
183	184
184	184
185	184
186	184
187	184
188	184
189	184
190	184
191	184
192	184
193	184
194	184
195	184
196	184
197	184
198	184
199	184
140	185
141	185
142	185
143	185
144	185
145	185
146	185
147	185
148	185
149	185
150	185
151	185
152	185
153	185
154	185
155	185
156	185
157	185
158	185
159	185
160	185
161	185
162	185
163	185
164	185
165	185
166	185
167	185
168	185
169	185
170	185
171	185
172	185
173	185
174	185
175	185
176	185
177	185
178	185
179	185
180	185
181	185
182	185
183	185
184	185
185	185
186	185
187	185
188	185
189	185
190	185
191	185
192	185
193	185
194	185
195	185
196	185
197	185
198	185
199	185
141	186
142	186
143	186
144	186
145	186
146	186
147	186
148	186
149	186
150	186
151	186
152	186
153	186
154	186
155	186
156	186
157	186
158	186
159	186
160	186
161	186
162	186
163	186
164	186
165	186
166	186
167	186
168	186
169	186
170	186
171	186
172	186
173	186
174	186
175	186
176	186
177	186
178	186
179	186
180	186
181	186
182	186
183	186
184	186
185	186
186	186
187	186
188	186
189	186
190	186
191	186
192	186
193	186
194	186
195	186
196	186
197	186
198	186
199	186
142	187
143	187
144	187
145	187
146	187
147	187
148	187
149	187
150	187
151	187
152	187
153	187
154	187
155	187
156	187
157	187
158	187
159	187
160	187
161	187
162	187
163	187
164	187
165	187
166	187
167	187
168	187
169	187
170	187
171	187
172	187
173	187
174	187
175	187
176	187
177	187
178	187
179	187
180	187
181	187
182	187
183	187
184	187
185	187
186	187
187	187
188	187
189	187
190	187
191	187
192	187
193	187
194	187
195	187
196	187
197	187
198	187
199	187
143	188
144	188
145	188
146	188
147	188
148	188
149	188
150	188
151	188
152	188
153	188
154	188
155	188
156	188
157	188
158	188
159	188
160	188
161	188
162	188
163	188
164	188
165	188
166	188
167	188
168	188
169	188
170	188
171	188
172	188
173	188
174	188
175	188
176	188
177	188
178	188
179	188
180	188
181	188
182	188
183	188
184	188
185	188
186	188
187	188
188	188
189	188
190	188
191	188
192	188
193	188
194	188
195	188
196	188
197	188
198	188
199	188
148	189
149	189
150	189
151	189
152	189
153	189
154	189
155	189
156	189
157	189
158	189
159	189
160	189
161	189
162	189
163	189
164	189
165	189
166	189
167	189
168	189
169	189
170	189
171	189
172	189
173	189
174	189
175	189
176	189
177	189
178	189
179	189
180	189
181	189
182	189
183	189
184	189
185	189
186	189
187	189
188	189
189	189
190	189
191	189
192	189
193	189
194	189
195	189
196	189
197	189
198	189
199	189
149	190
150	190
151	190
152	190
153	190
154	190
155	190
156	190
157	190
158	190
159	190
160	190
161	190
162	190
163	190
164	190
165	190
166	190
167	190
168	190
169	190
170	190
171	190
172	190
173	190
174	190
175	190
176	190
177	190
178	190
179	190
180	190
181	190
182	190
183	190
184	190
185	190
186	190
187	190
188	190
189	190
190	190
191	190
192	190
193	190
194	190
195	190
196	190
197	190
198	190
199	190
150	191
151	191
152	191
153	191
154	191
155	191
156	191
157	191
158	191
159	191
160	191
161	191
162	191
163	191
164	191
165	191
166	191
167	191
168	191
169	191
170	191
171	191
172	191
173	191
174	191
175	191
176	191
177	191
178	191
179	191
180	191
181	191
182	191
183	191
184	191
185	191
186	191
187	191
188	191
189	191
190	191
191	191
192	191
193	191
194	191
195	191
196	191
197	191
198	191
199	191
151	192
152	192
153	192
154	192
155	192
156	192
157	192
158	192
159	192
160	192
161	192
162	192
163	192
164	192
165	192
166	192
167	192
168	192
169	192
170	192
171	192
172	192
173	192
174	192
175	192
176	192
177	192
178	192
179	192
180	192
181	192
182	192
183	192
184	192
185	192
186	192
187	192
188	192
189	192
190	192
191	192
192	192
193	192
194	192
195	192
196	192
197	192
198	192
199	192
154	193
155	193
156	193
157	193
158	193
159	193
160	193
161	193
162	193
163	193
164	193
165	193
166	193
167	193
168	193
169	193
170	193
171	193
172	193
173	193
174	193
175	193
176	193
177	193
178	193
179	193
180	193
181	193
182	193
183	193
184	193
185	193
186	193
187	193
188	193
189	193
190	193
191	193
192	193
193	193
194	193
195	193
196	193
197	193
198	193
199	193
155	194
156	194
157	194
158	194
159	194
160	194
161	194
162	194
163	194
164	194
165	194
166	194
167	194
168	194
169	194
170	194
171	194
172	194
173	194
174	194
175	194
176	194
177	194
178	194
179	194
180	194
181	194
182	194
183	194
184	194
185	194
186	194
187	194
188	194
189	194
190	194
191	194
192	194
193	194
194	194
195	194
196	194
197	194
198	194
199	194
156	195
157	195
158	195
159	195
160	195
161	195
162	195
163	195
164	195
165	195
166	195
167	195
168	195
169	195
170	195
171	195
172	195
173	195
174	195
175	195
176	195
177	195
178	195
179	195
180	195
181	195
182	195
183	195
184	195
185	195
186	195
187	195
188	195
189	195
190	195
191	195
192	195
193	195
194	195
195	195
196	195
197	195
198	195
199	195
159	196
160	196
161	196
162	196
163	196
164	196
165	196
166	196
167	196
168	196
169	196
170	196
171	196
172	196
173	196
174	196
175	196
176	196
177	196
178	196
179	196
180	196
181	196
182	196
183	196
184	196
185	196
186	196
187	196
188	196
189	196
190	196
191	196
192	196
193	196
194	196
195	196
196	196
197	196
198	196
199	196
160	197
161	197
162	197
163	197
164	197
165	197
166	197
167	197
168	197
169	197
170	197
171	197
172	197
173	197
174	197
175	197
176	197
177	197
178	197
179	197
180	197
181	197
182	197
183	197
184	197
185	197
186	197
187	197
188	197
189	197
190	197
191	197
192	197
193	197
194	197
195	197
196	197
197	197
198	197
199	197
161	198
162	198
163	198
164	198
165	198
166	198
167	198
168	198
169	198
170	198
171	198
172	198
173	198
174	198
175	198
176	198
177	198
178	198
179	198
180	198
181	198
182	198
183	198
184	198
185	198
186	198
187	198
188	198
189	198
190	198
191	198
192	198
193	198
194	198
195	198
196	198
197	198
198	198
199	198
165	199
166	199
167	199
168	199
169	199
170	199
171	199
172	199
173	199
174	199
175	199
176	199
177	199
178	199
179	199
180	199
181	199
182	199
183	199
184	199
185	199
186	199
187	199
188	199
189	199
190	199
191	199
192	199
193	199
194	199
195	199
196	199
197	199
198	199
199	199
