0 534.169
1 534.5
2 535.803
3 535.472
4 537.142
5 540.812
6 537.142
7 540.446
8 545.751
9 540.446
10 545.751
11 544.081
12 545.751
13 553.056
14 562.362
15 553.056
16 551.387
17 544.081
18 551.387
19 553.056
20 551.387
21 560.693
22 561.024
23 560.693
24 551.387
25 544.081
26 545.751
27 553.056
28 545.751
29 544.081
30 551.387
31 551.718
32 554.05
33 551.718
34 551.387
35 551.718
36 544.412
37 544.081
38 538.776
39 535.472
40 538.776
41 535.472
42 535.803
43 538.135
44 542.468
45 548.801
46 547.498
47 541.164
48 542.468
49 545.772
50 541.439
51 539.107
52 538.776
53 535.472
54 537.142
55 540.446
56 544.116
57 549.421
58 555.092
59 549.421
60 555.092
61 549.421
62 545.751
63 553.056
64 562.362
65 573.669
66 562.362
67 560.693
68 572
69 585.307
70 572
71 585.307
72 600.616
73 602.285
74 600.616
75 585.307
76 586.977
77 602.285
78 619.594
79 623.264
80 642.574
81 638.904
82 642.574
83 638.904
84 619.594
85 638.904
86 660.214
87 638.904
88 642.574
89 648.245
90 628.935
91 648.245
92 628.935
93 611.626
94 596.318
95 583.01
96 577.339
97 566.032
98 577.339
99 590.647
100 577.339
101 583.01
102 596.318
103 583.01
104 596.318
105 611.626
106 619.298
107 611.626
108 596.318
109 603.989
110 613.662
111 625.335
112 639.008
113 654.317
114 671.626
115 654.317
116 640.643
117 628.97
118 613.662
119 628.97
120 640.643
121 625.335
122 639.008
123 654.317
124 639.008
125 625.701
126 612.027
127 625.701
128 639.008
129 654.683
130 641.375
131 659.05
132 678.726
133 659.05
134 678.726
135 667.419
136 647.743
137 659.05
138 672.358
139 687.666
140 707.342
141 687.666
142 672.358
143 687.666
144 669.991
145 654.683
146 641.375
147 659.05
148 672.358
149 659.05
150 678.726
151 667.419
152 689.096
153 679.789
154 703.467
155 729.144
156 703.467
157 729.144
158 721.839
159 696.161
160 721.839
161 696.161
162 703.467
163 712.773
164 724.08
165 737.387
166 713.71
167 737.387
168 724.08
169 737.387
170 752.696
171 729.018
172 746.327
173 729.018
174 707.342
175 692.034
176 713.71
177 737.387
178 752.696
179 737.387
180 763.065
181 790.744
182 763.065
183 790.744
184 777.436
185 766.129
186 756.823
187 729.144
188 721.839
189 716.534
190 690.856
191 716.534
192 721.839
193 696.161
194 672.484
195 650.807
196 645.503
197 642.199
198 622.523
199 604.848
200 603.544
201 621.219
202 621.917
203 604.242
204 588.567
205 574.893
206 563.22
207 562.523
208 552.851
209 553.548
210 552.851
211 562.523
212 563.827
213 567.131
214 563.827
215 562.523
216 563.827
217 562.523
218 552.851
219 562.523
220 552.851
221 554.154
222 557.458
223 567.131
224 572.436
225 579.741
226 591.414
227 600.72
228 612.027
229 625.701
230 614.394
231 630.068
232 614.394
233 625.701
234 614.394
235 630.068
236 614.394
237 605.088
238 597.782
239 584.108
240 572.436
241 562.763
242 570.069
243 579.375
244 570.069
245 562.763
246 555.092
247 562.763
248 557.458
249 554.154
250 546.483
251 540.812
252 539.508
253 535.838
254 534.169
255 535.838
256 536.536
257 539.233
258 536.536
259 540.206
260 536.536
261 534.866
262 534.169
263 534.866
264 535.197
265 537.529
266 535.197
267 534.5
268 536.832
269 537.529
270 536.832
271 541.164
272 536.832
273 534.5
274 535.197
275 534.866
276 537.564
277 539.233
278 542.904
279 540.206
280 545.877
281 545.179
282 546.483
283 549.787
284 557.458
285 549.787
286 555.092
287 562.397
288 556.726
289 566.032
290 556.726
291 549.421
292 556.726
293 562.397
294 571.703
295 566.032
296 577.339
297 590.647
298 596.318
299 583.01
300 590.682
301 579.375
302 589.047
303 600.354
304 612.027
305 625.701
306 612.027
307 600.72
308 591.414
309 579.741
310 589.047
311 600.354
312 589.047
313 600.354
314 590.682
315 583.01
316 571.703
317 562.397
318 570.069
319 562.397
320 555.092
321 549.787
322 555.092
323 549.787
324 546.483
325 545.179
326 546.483
327 554.154
328 563.827
329 567.131
330 578.804
331 592.477
332 597.782
333 605.088
334 597.782
335 605.088
336 597.782
337 605.088
338 620.762
339 638.437
340 631.132
341 650.807
342 631.132
343 638.437
344 620.762
345 605.088
346 597.782
347 613.457
348 608.152
349 604.848
