0 512
1 513
2 514
3 515
4 516
5 517
6 518
7 519
8 520
9 521
10 522
11 523
12 524
13 525
14 526
15 527
16 528
17 529
18 530
19 531
20 532
21 533
22 534
23 535
24 536
25 537
26 538
27 539
28 540
29 541
30 542
31 543
32 544
33 545
34 546
35 547
36 548
37 549
38 550
39 551
40 552
41 553
42 554
43 555
44 556
45 557
46 558
47 559
48 560
49 561
50 562
51 563
52 564
53 565
54 566
55 567
56 568
57 569
58 570
59 571
60 572
61 573
62 574
63 575
64 576
65 577
66 578
67 579
68 580
69 581
70 582
71 583
72 584
73 585
74 586
75 587
76 588
77 589
78 590
79 591
80 592
81 593
82 594
83 595
84 596
85 597
86 598
87 599
88 600
89 601
90 602
91 603
92 604
93 605
94 606
95 607
96 608
97 609
98 610
99 611
100 612
101 613
102 614
103 615
104 616
105 617
106 618
107 619
108 620
109 621
110 622
111 623
112 624
113 625
114 626
115 627
116 628
117 629
118 630
119 631
120 632
121 633
122 634
123 635
124 636
125 637
126 638
127 639
128 640
129 641
130 642
131 643
132 644
133 645
134 646
135 647
136 648
137 649
138 650
139 651
140 652
141 653
142 654
143 655
144 656
145 657
146 658
147 659
148 660
149 661
150 662
151 663
152 664
153 665
154 666
155 667
156 668
157 669
158 670
159 671
160 672
161 673
162 674
163 675
164 676
165 677
166 678
167 679
168 680
169 681
170 682
171 683
172 684
173 685
174 686
175 687
176 688
177 689
178 690
179 691
180 692
181 693
182 694
183 695
184 696
185 697
186 698
187 699
188 700
189 701
190 702
191 703
192 704
193 705
194 706
195 707
196 708
197 709
198 710
199 711
200 712
201 713
202 714
203 715
204 716
205 717
206 718
207 719
208 720
209 721
210 722
211 723
212 724
213 725
214 726
215 727
216 728
217 729
218 730
219 731
220 732
221 733
222 734
223 735
224 736
225 737
226 738
227 739
228 740
229 741
230 742
231 743
232 744
233 745
234 746
235 747
236 748
237 749
238 750
239 751
240 752
241 753
242 754
243 755
244 756
245 757
246 758
247 759
248 760
249 761
250 762
251 763
252 764
253 765
254 766
255 767
256 768
257 769
258 770
259 771
260 772
261 773
262 774
263 775
264 776
265 777
266 778
267 779
268 780
269 781
270 782
271 783
272 784
273 785
274 786
275 787
276 788
277 789
278 790
279 791
280 792
281 793
282 794
283 795
284 796
285 797
286 798
287 799
288 800
289 801
290 802
291 803
292 804
293 805
294 806
295 807
296 808
297 809
298 810
299 811
300 812
301 813
302 814
303 815
304 816
305 817
306 818
307 819
308 820
309 821
310 822
311 823
312 824
313 825
314 826
315 827
316 828
317 829
318 830
319 831
320 832
321 833
322 834
323 835
324 836
325 837
326 838
327 839
328 840
329 841
330 842
331 843
332 844
333 845
334 846
335 847
336 848
337 849
338 850
339 851
340 852
341 853
342 854
343 855
344 856
345 857
346 858
347 859
348 860
349 861
350 862
351 863
352 864
353 865
354 866
355 867
356 868
357 869
358 870
359 871
360 872
361 873
362 874
363 875
364 876
365 877
366 878
367 879
368 880
369 881
370 882
371 883
372 884
373 885
374 886
375 887
376 888
377 889
378 890
379 891
380 892
381 893
382 894
383 895
384 896
385 897
386 898
387 899
388 900
389 901
390 902
391 903
392 904
393 905
394 906
395 907
396 908
397 909
398 910
399 911
