0 0.056611
0.0634665 0.0501396
0.126933 0.0426985
0.1904 0.0371182
0.253866 0.0337367
0.317333 0.0413144
0.380799 0.0386173
0.444266 0.0434951
0.507732 0.0497801
0.571199 0.0593317
0.634665 0.0690094
0.698132 0.0821903
0.761598 0.095143
0.825065 0.10769
0.888531 0.121472
0.951998 0.129315
1.01546 0.139442
1.07893 0.15169
1.1424 0.157231
1.20586 0.165516
1.26933 0.17487
1.3328 0.203532
1.39626 0.189225
1.45973 0.157729
1.5232 0.125391
1.58666 0.11397
1.65013 0.141222
1.7136 0.177046
1.77706 0.204433
1.84053 0.198149
1.904 0.192262
1.96746 0.180444
2.03093 0.183272
2.0944 0.164674
2.15786 0.163591
2.22133 0.143188
2.28479 0.129365
2.34826 0.113933
2.41173 0.0983502
2.47519 0.0883188
2.53866 0.0779449
2.60213 0.0751382
2.66559 0.0649867
2.72906 0.0924306
2.79253 0.0701302
2.85599 0.099044
2.91946 0.128981
2.98293 0.117685
3.04639 0.140977
3.10986 0.184187
3.17333 0.184187
3.23679 0.140977
3.30026 0.117685
3.36373 0.128981
3.42719 0.099044
3.49066 0.0701302
3.55413 0.0924306
3.61759 0.0649867
3.68106 0.0751382
3.74452 0.0779449
3.80799 0.0883188
3.87146 0.0983502
3.93492 0.113933
3.99839 0.129365
4.06186 0.143188
4.12532 0.163591
4.18879 0.164674
4.25226 0.183272
4.31572 0.180444
4.37919 0.192262
4.44266 0.198149
4.50612 0.204433
4.56959 0.177046
4.63306 0.141222
4.69652 0.11397
4.75999 0.125391
4.82346 0.157729
4.88692 0.189225
4.95039 0.203532
5.01385 0.17487
5.07732 0.165516
5.14079 0.157231
5.20425 0.15169
5.26772 0.139442
5.33119 0.129315
5.39465 0.121472
5.45812 0.10769
5.52159 0.095143
5.58505 0.0821903
5.64852 0.0690094
5.71199 0.0593317
5.77545 0.0497801
5.83892 0.0434951
5.90239 0.0386173
5.96585 0.0413144
6.02932 0.0337367
6.09279 0.0371182
6.15625 0.0426985
6.21972 0.0501396
6.28319 0.056611
