1.5708 0.00567358
1.50733 0.00677798
1.44386 0.00685268
1.3804 0.00898035
1.31693 0.0109932
1.25346 0.0132403
1.19 0.0194781
1.12653 0.024479
1.06306 0.0312239
0.999598 0.0370252
0.936131 0.0456227
0.872665 0.0528936
0.809198 0.0597498
0.745732 0.0672709
0.682265 0.0729978
0.618799 0.078612
0.555332 0.0826706
0.491866 0.0863491
0.428399 0.0897386
0.364932 0.0942596
0.301466 0.0948863
0.237999 0.0962055
0.174533 0.100832
0.111066 0.0976641
0.0475999 0.0994972
-0.0158666 0.0994131
-0.0793331 0.0989813
-0.1428 0.0989103
-0.206266 0.0961704
-0.269733 0.0962898
-0.333199 0.0913807
-0.396666 0.0920349
-0.460132 0.0866612
-0.523599 0.0848996
-0.587065 0.0823507
-0.650532 0.0745177
-0.713998 0.0703397
-0.777465 0.0643698
-0.840931 0.0551704
-0.904398 0.0483862
-0.967864 0.0419424
-1.03133 0.0370065
-1.0948 0.0290735
-1.15826 0.0226133
-1.22173 0.0169626
-1.2852 0.0129675
-1.34866 0.00950506
-1.41213 0.00589312
-1.4756 0.00700858
-1.53906 0.00717394
-1.60253 0.00567358
-1.666 0.00797158
-1.72946 0.0107034
-1.79293 0.012683
-1.8564 0.0168844
-1.91986 0.0217535
-1.98333 0.0289697
-2.0468 0.0345081
-2.11026 0.0415247
-2.17373 0.0467369
-2.23719 0.0585329
-2.30066 0.0638492
-2.36413 0.0704349
-2.42759 0.0788253
-2.49106 0.0839742
-2.55453 0.0913185
-2.61799 0.0939032
-2.68146 0.0980728
-2.74493 0.102104
-2.80839 0.110772
-2.87186 0.108272
-2.93533 0.111537
-2.99879 0.111519
-3.06226 0.111043
-3.12573 0.112719
-3.18919 0.112617
-3.25266 0.113793
-3.31613 0.108948
-3.37959 0.107697
-3.44306 0.110182
-3.50653 0.106533
-3.56999 0.105163
-3.63346 0.0992813
-3.69692 0.0944686
-3.76039 0.0960141
-3.82386 0.0855384
-3.88732 0.0818847
-3.95079 0.075754
-4.01426 0.0665944
-4.07772 0.0586866
-4.14119 0.0529974
-4.20466 0.0515595
-4.26812 0.0401074
-4.33159 0.035718
-4.39506 0.0256823
-4.45852 0.0240827
-4.52199 0.0150755
-4.58546 0.0146918
-4.64892 0.00906522
-4.71239 0.0068164
