0 0
0.0634665 0.0017323
0.126933 0.00690133
0.1904 0.0154239
0.253866 0.0271629
0.317333 0.0419295
0.380799 0.059486
0.444266 0.0795499
0.507732 0.101798
0.571199 0.125874
0.634665 0.151388
0.698132 0.177931
0.761598 0.205076
0.825065 0.232386
0.888531 0.259421
0.951998 0.285746
1.01546 0.310938
1.07893 0.334592
1.1424 0.356327
1.20586 0.375793
1.26933 0.392677
1.3328 0.406707
1.39626 0.417657
1.45973 0.425352
1.5232 0.429668
1.58666 0.430534
1.65013 0.427938
1.7136 0.421921
1.77706 0.412579
1.84053 0.400064
1.904 0.384575
1.96746 0.366364
2.03093 0.345722
2.0944 0.322982
2.15786 0.29851
2.22133 0.272699
2.28479 0.245965
2.34826 0.218738
2.41173 0.191456
2.47519 0.164557
2.53866 0.138476
2.60213 0.113631
2.66559 0.0904227
2.72906 0.0692238
2.79253 0.0503756
2.85599 0.0341815
2.91946 0.020902
2.98293 0.0107508
3.04639 0.00389114
3.10986 0.000433512
3.17333 0.000433512
3.23679 0.00389114
3.30026 0.0107508
3.36373 0.020902
3.42719 0.0341815
3.49066 0.0503756
3.55413 0.0692238
3.61759 0.0904227
3.68106 0.113631
3.74452 0.138476
3.80799 0.164557
3.87146 0.191456
3.93492 0.218738
3.99839 0.245965
4.06186 0.272699
4.12532 0.29851
4.18879 0.322982
4.25226 0.345722
4.31572 0.366364
4.37919 0.384575
4.44266 0.400064
4.50612 0.412579
4.56959 0.421921
4.63306 0.427938
4.69652 0.430534
4.75999 0.429668
4.82346 0.425352
4.88692 0.417657
4.95039 0.406707
5.01385 0.392677
5.07732 0.375793
5.14079 0.356327
5.20425 0.334592
5.26772 0.310938
5.33119 0.285746
5.39465 0.259421
5.45812 0.232386
5.52159 0.205076
5.58505 0.177931
5.64852 0.151388
5.71199 0.125874
5.77545 0.101798
5.83892 0.0795499
5.90239 0.059486
5.96585 0.0419295
6.02932 0.0271629
6.09279 0.0154239
6.15625 0.00690133
6.21972 0.0017323
6.28319 2.58344e-32
