0 0.287956
0.0634665 0.277475
0.126933 0.268783
0.1904 0.272398
0.253866 0.270405
0.317333 0.27251
0.380799 0.269023
0.444266 0.271354
0.507732 0.271626
0.571199 0.275999
0.634665 0.268864
0.698132 0.274883
0.761598 0.27729
0.825065 0.276142
0.888531 0.281922
0.951998 0.273436
1.01546 0.2714
1.07893 0.272813
1.1424 0.261657
1.20586 0.254321
1.26933 0.248619
1.3328 0.276929
1.39626 0.238414
1.45973 0.188693
1.5232 0.15411
1.58666 0.138389
1.65013 0.149882
1.7136 0.174856
1.77706 0.200011
1.84053 0.184569
1.904 0.16249
1.96746 0.15573
2.03093 0.152453
2.0944 0.133591
2.15786 0.13241
2.22133 0.112509
2.28479 0.100647
2.34826 0.0906071
2.41173 0.0803972
2.47519 0.0729541
2.53866 0.0663912
2.60213 0.0652155
2.66559 0.0588074
2.72906 0.0775435
2.79253 0.0621492
2.85599 0.0812936
2.91946 0.10293
2.98293 0.0926954
3.04639 0.106788
3.10986 0.137544
3.17333 0.137544
3.23679 0.106788
3.30026 0.0926954
3.36373 0.10293
3.42719 0.0812936
3.49066 0.0621492
3.55413 0.0775435
3.61759 0.0588074
3.68106 0.0652155
3.74452 0.0663912
3.80799 0.0729541
3.87146 0.0803972
3.93492 0.0906071
3.99839 0.100647
4.06186 0.112509
4.12532 0.13241
4.18879 0.133591
4.25226 0.152453
4.31572 0.15573
4.37919 0.16249
4.44266 0.184569
4.50612 0.200011
4.56959 0.174856
4.63306 0.149882
4.69652 0.138389
4.75999 0.15411
4.82346 0.188693
4.88692 0.238414
4.95039 0.276929
5.01385 0.248619
5.07732 0.254321
5.14079 0.261657
5.20425 0.272813
5.26772 0.2714
5.33119 0.273436
5.39465 0.281922
5.45812 0.276142
5.52159 0.27729
5.58505 0.274883
5.64852 0.268864
5.71199 0.275999
5.77545 0.271626
5.83892 0.271354
5.90239 0.269023
5.96585 0.27251
6.02932 0.270405
6.09279 0.272398
6.15625 0.268783
6.21972 0.277475
6.28319 0.287956
