0 0.287956
0.0634665 0.269029
0.126933 0.265959
0.1904 0.265934
0.253866 0.260633
0.317333 0.244235
0.380799 0.230713
0.444266 0.213867
0.507732 0.199687
0.571199 0.18544
0.634665 0.163546
0.698132 0.146437
0.761598 0.130189
0.825065 0.110451
0.888531 0.0936977
0.951998 0.0775458
1.01546 0.0645841
1.07893 0.0536954
1.1424 0.0399446
1.20586 0.0265704
1.26933 0.0237756
1.3328 0.0165748
1.39626 0.0103107
1.45973 0.00801322
1.5232 0.00657345
1.58666 0.00454068
1.65013 0.00562386
1.7136 0.004867
1.77706 0.00635348
1.84053 0.0100014
1.904 0.00928312
1.96746 0.0134401
2.03093 0.0183055
2.0944 0.021448
2.15786 0.0258436
2.22133 0.0280271
2.28479 0.0322784
2.34826 0.0368177
2.41173 0.0416738
2.47519 0.0496787
2.53866 0.0556884
2.60213 0.0611795
2.66559 0.0675495
2.72906 0.0725909
2.79253 0.0753926
2.85599 0.0816344
2.91946 0.0939379
2.98293 0.0896566
3.04639 0.08919
3.10986 0.133791
3.17333 0.133791
3.23679 0.08919
3.30026 0.0896566
3.36373 0.0939379
3.42719 0.0816344
3.49066 0.0753926
3.55413 0.0725909
3.61759 0.0675495
3.68106 0.0611795
3.74452 0.0556884
3.80799 0.0496787
3.87146 0.0416738
3.93492 0.0368177
3.99839 0.0322784
4.06186 0.0280271
4.12532 0.0258436
4.18879 0.021448
4.25226 0.0183055
4.31572 0.0134401
4.37919 0.00928312
4.44266 0.0100014
4.50612 0.00635348
4.56959 0.004867
4.63306 0.00562386
4.69652 0.00454068
4.75999 0.00657345
4.82346 0.00801322
4.88692 0.0103107
4.95039 0.0165748
5.01385 0.0237756
5.07732 0.0265704
5.14079 0.0399446
5.20425 0.0536954
5.26772 0.0645841
5.33119 0.0775458
5.39465 0.0936977
5.45812 0.110451
5.52159 0.130189
5.58505 0.146437
5.64852 0.163546
5.71199 0.18544
5.77545 0.199687
5.83892 0.213867
5.90239 0.230713
5.96585 0.244235
6.02932 0.260633
6.09279 0.265934
6.15625 0.265959
6.21972 0.269029
6.28319 0.287956
