0 0.347634
0.0634665 0.342378
0.126933 0.343152
0.1904 0.335106
0.253866 0.335505
0.317333 0.334689
0.380799 0.335724
0.444266 0.343047
0.507732 0.327901
0.571199 0.326935
0.634665 0.342722
0.698132 0.341719
0.761598 0.349598
0.825065 0.356519
0.888531 0.34348
0.951998 0.339768
1.01546 0.324293
1.07893 0.332002
1.1424 0.341574
1.20586 0.336272
1.26933 0.334114
1.3328 0.336359
1.39626 0.335275
1.45973 0.345848
1.5232 0.342845
1.58666 0.346011
1.65013 0.343389
1.7136 0.34003
1.77706 0.335553
1.84053 0.335523
1.904 0.336426
1.96746 0.336705
2.03093 0.340434
2.0944 0.325014
2.15786 0.3321
2.22133 0.3478
2.28479 0.343372
2.34826 0.345963
2.41173 0.348462
2.47519 0.347591
2.53866 0.338913
2.60213 0.32358
2.66559 0.337285
2.72906 0.338834
2.79253 0.338284
2.85599 0.334715
2.91946 0.336669
2.98293 0.337246
3.04639 0.344536
3.10986 0.344412
3.17333 0.344412
3.23679 0.344536
3.30026 0.337246
3.36373 0.336669
3.42719 0.334715
3.49066 0.338284
3.55413 0.338834
3.61759 0.337285
3.68106 0.32358
3.74452 0.338913
3.80799 0.347591
3.87146 0.348462
3.93492 0.345963
3.99839 0.343372
4.06186 0.3478
4.12532 0.3321
4.18879 0.325014
4.25226 0.340434
4.31572 0.336705
4.37919 0.336426
4.44266 0.335523
4.50612 0.335553
4.56959 0.34003
4.63306 0.343389
4.69652 0.346011
4.75999 0.342845
4.82346 0.345848
4.88692 0.335275
4.95039 0.336359
5.01385 0.334114
5.07732 0.336272
5.14079 0.341574
5.20425 0.332002
5.26772 0.324293
5.33119 0.339768
5.39465 0.34348
5.45812 0.356519
5.52159 0.349598
5.58505 0.341719
5.64852 0.342722
5.71199 0.326935
5.77545 0.327901
5.83892 0.343047
5.90239 0.335724
5.96585 0.334689
6.02932 0.335505
6.09279 0.335106
6.15625 0.343152
6.21972 0.342378
6.28319 0.347634
