0 0.000940863 0.00488829
1 0.00174372 0.00730856
2 0.00243227 0.0089026
3 0.00491741 0.00943539
4 0.00673191 0.00879485
5 0.00813121 0.00701077
6 0.00686953 0.00425708
7 0.00276768 0.000836366
8 -0.00248326 -0.00285193
9 -0.00653447 -0.00635665
10 -0.00800831 -0.00922831
11 -0.00970627 -0.0110746
12 -0.010513 -0.0116113
13 -0.0110026 -0.0107028
14 -0.00799977 -0.00838574
15 -0.00462329 -0.00487324
16 -0.000669452 -0.000538098
17 0.00318551 0.00412442
18 0.00806978 0.00855032
19 0.0113975 0.0121716
20 0.013563 0.0144849
21 0.0144612 0.015116
22 0.0134256 0.0138727
23 0.0109058 0.0107788
24 0.00613851 0.00608501
25 0.00126875 0.000253275
26 -0.00504862 -0.00608367
27 -0.0106751 -0.0121853
28 -0.0163077 -0.0172825
29 -0.0186485 -0.0206643
30 -0.0203744 -0.0217639
31 -0.0191086 -0.0202333
32 -0.0149564 -0.0159986
33 -0.00835532 -0.00928848
34 2.29614e-05 -0.000631416
35 0.00874416 0.00917903
36 0.0193543 0.0191491
37 0.0275757 0.0281742
38 0.035155 0.035145
39 0.0386769 0.0390599
40 0.0406481 0.0391342
41 0.0371121 0.0348975
42 0.0312183 0.0262769
43 0.0218788 0.0136769
44 0.0120461 -0.00189002
45 0.00500931 -0.0184221
46 0.00900658 -0.0314528
47 0.048914 -0.026853
48 0.168439 0.0712849
49 0.385421 1.32231
50 0.513953 -nan
51 0.385421 1.32231
52 0.168439 0.0712849
53 0.048914 -0.026853
54 0.00900658 -0.0314528
55 0.00500931 -0.0184221
56 0.0120461 -0.00189002
57 0.0218788 0.0136769
58 0.0312183 0.0262769
59 0.0371121 0.0348975
60 0.0406481 0.0391342
61 0.0386769 0.0390599
62 0.035155 0.035145
63 0.0275757 0.0281742
64 0.0193543 0.0191491
65 0.00874416 0.00917903
66 2.29614e-05 -0.000631416
67 -0.00835532 -0.00928848
68 -0.0149564 -0.0159986
69 -0.0191086 -0.0202333
70 -0.0203744 -0.0217639
71 -0.0186485 -0.0206643
72 -0.0163077 -0.0172825
73 -0.0106751 -0.0121853
74 -0.00504862 -0.00608367
75 0.00126875 0.000253275
76 0.00613851 0.00608501
77 0.0109058 0.0107788
78 0.0134256 0.0138727
79 0.0144612 0.015116
80 0.013563 0.0144849
81 0.0113975 0.0121716
82 0.00806978 0.00855032
83 0.00318551 0.00412442
84 -0.000669452 -0.000538098
85 -0.00462329 -0.00487324
86 -0.00799977 -0.00838574
87 -0.0110026 -0.0107028
88 -0.010513 -0.0116113
89 -0.00970627 -0.0110746
90 -0.00800831 -0.00922831
91 -0.00653447 -0.00635665
92 -0.00248326 -0.00285193
93 0.00276768 0.000836366
94 0.00686953 0.00425708
95 0.00813121 0.00701077
96 0.00673191 0.00879485
97 0.00491741 0.00943539
98 0.00243227 0.0089026
99 0.00174372 0.00730856
