0 3.01755e-17
1 -0.0038489
2 -0.00785064
3 -0.0113676
4 -0.0116859
5 -0.00742046
6 0.00126432
7 0.0100267
8 0.0156629
9 0.0181134
10 0.0200127
11 0.0216681
12 0.0192209
13 0.0131816
14 0.00564596
15 -0.00131153
16 -0.0102052
17 -0.0180873
18 -0.0239179
19 -0.0266929
20 -0.0269607
21 -0.0239683
22 -0.0164973
23 -0.0075499
24 0.00409147
25 0.0146224
26 0.0264468
27 0.0335798
28 0.038261
29 0.0380838
30 0.0338489
31 0.0238283
32 0.00989321
33 -0.00572371
34 -0.0241886
35 -0.0407628
36 -0.0564819
37 -0.0645663
38 -0.0696509
39 -0.0640739
40 -0.0521251
41 -0.0288005
42 0.00128252
43 0.04141
44 0.0913143
45 0.152438
46 0.23797
47 0.363057
48 0.507466
49 0.429147
50 -2.5411e-16
51 -0.429147
52 -0.507466
53 -0.363057
54 -0.23797
55 -0.152438
56 -0.0913143
57 -0.04141
58 -0.00128252
59 0.0288005
60 0.0521251
61 0.0640739
62 0.0696509
63 0.0645663
64 0.0564819
65 0.0407628
66 0.0241886
67 0.00572371
68 -0.00989321
69 -0.0238283
70 -0.0338489
71 -0.0380838
72 -0.038261
73 -0.0335798
74 -0.0264468
75 -0.0146224
76 -0.00409147
77 0.0075499
78 0.0164973
79 0.0239683
80 0.0269607
81 0.0266929
82 0.0239179
83 0.0180873
84 0.0102052
85 0.00131153
86 -0.00564596
87 -0.0131816
88 -0.0192209
89 -0.0216681
90 -0.0200127
91 -0.0181134
92 -0.0156629
93 -0.0100267
94 -0.00126432
95 0.00742046
96 0.0116859
97 0.0113676
98 0.00785064
99 0.0038489
