0 1.94553e-17 0.00981019
1 -0.000588134 0.0146673
2 -0.00205812 0.0178674
3 -0.00586964 0.0189381
4 -0.00976713 0.0176537
5 -0.0129642 0.0140729
6 -0.0105255 0.00854415
7 -0.00385921 0.0016741
8 0.00612021 -0.00573561
9 0.0132561 -0.0127789
10 0.0172207 -0.0185522
11 0.0194692 -0.0222664
12 0.0217002 -0.0233488
13 0.0216027 -0.0215246
14 0.0161995 -0.0168652
15 0.00956141 -0.00979721
16 0.00141998 -0.00106868
17 -0.00644175 0.00832478
18 -0.0161059 0.0172478
19 -0.0226347 0.024555
20 -0.0269976 0.0292295
21 -0.0286221 0.0305123
22 -0.0266671 0.0280099
23 -0.0213095 0.0217634
24 -0.0119287 0.0122717
25 -0.0017952 0.000461854
26 0.0109519 -0.0123914
27 0.0223225 -0.0247905
28 0.0334422 -0.0351737
29 0.0388192 -0.0420892
30 0.0422088 -0.0443684
31 0.0393502 -0.0412781
32 0.0314498 -0.0326338
33 0.0182312 -0.0188607
34 0.00142214 -0.000994522
35 -0.0169173 0.0193816
36 -0.0378852 0.0402581
37 -0.0549302 0.0593659
38 -0.0703424 0.0743711
39 -0.0772055 0.0830734
40 -0.0798721 0.0835785
41 -0.0698983 0.0744084
42 -0.0525243 0.0544988
43 -0.0219112 0.0229922
44 0.0189974 -0.0213766
45 0.0769452 -0.0818886
46 0.15948 -0.168474
47 0.283461 -0.314359
48 0.42655 -0.66232
49 0.371846 -2.39106
50 -5.0822e-16 -inf
51 -0.371846 -2.39106
52 -0.42655 -0.66232
53 -0.283461 -0.314359
54 -0.15948 -0.168474
55 -0.0769452 -0.0818886
56 -0.0189974 -0.0213766
57 0.0219112 0.0229922
58 0.0525243 0.0544988
59 0.0698983 0.0744084
60 0.0798721 0.0835785
61 0.0772055 0.0830734
62 0.0703424 0.0743711
63 0.0549302 0.0593659
64 0.0378852 0.0402581
65 0.0169173 0.0193816
66 -0.00142214 -0.000994522
67 -0.0182312 -0.0188607
68 -0.0314498 -0.0326338
69 -0.0393502 -0.0412781
70 -0.0422088 -0.0443684
71 -0.0388192 -0.0420892
72 -0.0334422 -0.0351737
73 -0.0223225 -0.0247905
74 -0.0109519 -0.0123914
75 0.0017952 0.000461854
76 0.0119287 0.0122717
77 0.0213095 0.0217634
78 0.0266671 0.0280099
79 0.0286221 0.0305123
80 0.0269976 0.0292295
81 0.0226347 0.024555
82 0.0161059 0.0172478
83 0.00644175 0.00832478
84 -0.00141998 -0.00106868
85 -0.00956141 -0.00979721
86 -0.0161995 -0.0168652
87 -0.0216027 -0.0215246
88 -0.0217002 -0.0233488
89 -0.0194692 -0.0222664
90 -0.0172207 -0.0185522
91 -0.0132561 -0.0127789
92 -0.00612021 -0.00573561
93 0.00385921 0.0016741
94 0.0105255 0.00854415
95 0.0129642 0.0140729
96 0.00976713 0.0176537
97 0.00586964 0.0189381
98 0.00205812 0.0178674
99 0.000588134 0.0146673
