0 0.347634
0.0634665 0.337394
0.126933 0.329344
0.1904 0.324507
0.253866 0.316577
0.317333 0.297823
0.380799 0.279883
0.444266 0.267069
0.507732 0.244442
0.571199 0.227472
0.634665 0.207374
0.698132 0.18625
0.761598 0.16726
0.825065 0.148865
0.888531 0.126815
0.951998 0.107151
1.01546 0.08963
1.07893 0.0718329
1.1424 0.0568185
1.20586 0.0421526
1.26933 0.0300303
1.3328 0.0201656
1.39626 0.0133471
1.45973 0.00795604
1.5232 0.003536
1.58666 0.00117553
1.65013 0.00576469
1.7136 0.0103901
1.77706 0.0166031
1.84053 0.0246426
1.904 0.0358647
1.96746 0.0494039
2.03093 0.0642942
2.0944 0.0808431
2.15786 0.097792
2.22133 0.117464
2.28479 0.135993
2.34826 0.155557
2.41173 0.177693
2.47519 0.199054
2.53866 0.216755
2.60213 0.238602
2.66559 0.254554
2.72906 0.275133
2.79253 0.288424
2.85599 0.311866
2.91946 0.321243
2.98293 0.327868
3.04639 0.332488
3.10986 0.342402
3.17333 0.342402
3.23679 0.332488
3.30026 0.327868
3.36373 0.321243
3.42719 0.311866
3.49066 0.288424
3.55413 0.275133
3.61759 0.254554
3.68106 0.238602
3.74452 0.216755
3.80799 0.199054
3.87146 0.177693
3.93492 0.155557
3.99839 0.135993
4.06186 0.117464
4.12532 0.097792
4.18879 0.0808431
4.25226 0.0642942
4.31572 0.0494039
4.37919 0.0358647
4.44266 0.0246426
4.50612 0.0166031
4.56959 0.0103901
4.63306 0.00576469
4.69652 0.00117553
4.75999 0.003536
4.82346 0.00795604
4.88692 0.0133471
4.95039 0.0201656
5.01385 0.0300303
5.07732 0.0421526
5.14079 0.0568185
5.20425 0.0718329
5.26772 0.08963
5.33119 0.107151
5.39465 0.126815
5.45812 0.148865
5.52159 0.16726
5.58505 0.18625
5.64852 0.207374
5.71199 0.227472
5.77545 0.244442
5.83892 0.267069
5.90239 0.279883
5.96585 0.297823
6.02932 0.316577
6.09279 0.324507
6.15625 0.329344
6.21972 0.337394
6.28319 0.347634
