0 0.39688
0.0634665 0.39688
0.126933 0.39688
0.1904 0.39688
0.253866 0.39688
0.317333 0.39688
0.380799 0.39688
0.444266 0.39688
0.507732 0.39688
0.571199 0.39688
0.634665 0.39688
0.698132 0.39688
0.761598 0.39688
0.825065 0.39688
0.888531 0.39688
0.951998 0.39688
1.01546 0.39688
1.07893 0.39688
1.1424 0.39688
1.20586 0.39688
1.26933 0.39688
1.3328 0.39688
1.39626 0.39688
1.45973 0.39688
1.5232 0.39688
1.58666 0.39688
1.65013 0.39688
1.7136 0.39688
1.77706 0.39688
1.84053 0.39688
1.904 0.39688
1.96746 0.39688
2.03093 0.39688
2.0944 0.39688
2.15786 0.39688
2.22133 0.39688
2.28479 0.39688
2.34826 0.39688
2.41173 0.39688
2.47519 0.39688
2.53866 0.39688
2.60213 0.39688
2.66559 0.39688
2.72906 0.39688
2.79253 0.39688
2.85599 0.39688
2.91946 0.39688
2.98293 0.39688
3.04639 0.39688
3.10986 0.39688
3.17333 0.39688
3.23679 0.39688
3.30026 0.39688
3.36373 0.39688
3.42719 0.39688
3.49066 0.39688
3.55413 0.39688
3.61759 0.39688
3.68106 0.39688
3.74452 0.39688
3.80799 0.39688
3.87146 0.39688
3.93492 0.39688
3.99839 0.39688
4.06186 0.39688
4.12532 0.39688
4.18879 0.39688
4.25226 0.39688
4.31572 0.39688
4.37919 0.39688
4.44266 0.39688
4.50612 0.39688
4.56959 0.39688
4.63306 0.39688
4.69652 0.39688
4.75999 0.39688
4.82346 0.39688
4.88692 0.39688
4.95039 0.39688
5.01385 0.39688
5.07732 0.39688
5.14079 0.39688
5.20425 0.39688
5.26772 0.39688
5.33119 0.39688
5.39465 0.39688
5.45812 0.39688
5.52159 0.39688
5.58505 0.39688
5.64852 0.39688
5.71199 0.39688
5.77545 0.39688
5.83892 0.39688
5.90239 0.39688
5.96585 0.39688
6.02932 0.39688
6.09279 0.39688
6.15625 0.39688
6.21972 0.39688
6.28319 0.39688
