0 0.39688
0.0634665 0.395284
0.126933 0.39052
0.1904 0.382666
0.253866 0.371847
0.317333 0.358238
0.380799 0.342058
0.444266 0.323567
0.507732 0.303063
0.571199 0.280875
0.634665 0.257361
0.698132 0.232899
0.761598 0.207882
0.825065 0.182714
0.888531 0.157798
0.951998 0.133537
1.01546 0.11032
1.07893 0.0885202
1.1424 0.0684895
1.20586 0.0505498
1.26933 0.0349896
1.3328 0.0220595
1.39626 0.0119674
1.45973 0.00487572
1.5232 0.000898552
1.58666 9.99062e-05
1.65013 0.00249263
1.7136 0.00803822
1.77706 0.0166475
1.84053 0.0281818
1.904 0.0424557
1.96746 0.0592394
2.03093 0.0782629
2.0944 0.0992201
2.15786 0.121774
2.22133 0.145561
2.28479 0.170199
2.34826 0.195292
2.41173 0.220435
2.47519 0.245224
2.53866 0.269261
2.60213 0.292158
2.66559 0.313547
2.72906 0.333084
2.79253 0.350454
2.85599 0.365379
2.91946 0.377617
2.98293 0.386972
3.04639 0.393294
3.10986 0.396481
3.17333 0.396481
3.23679 0.393294
3.30026 0.386972
3.36373 0.377617
3.42719 0.365379
3.49066 0.350454
3.55413 0.333084
3.61759 0.313547
3.68106 0.292158
3.74452 0.269261
3.80799 0.245224
3.87146 0.220435
3.93492 0.195292
3.99839 0.170199
4.06186 0.145561
4.12532 0.121774
4.18879 0.0992201
4.25226 0.0782629
4.31572 0.0592394
4.37919 0.0424557
4.44266 0.0281818
4.50612 0.0166475
4.56959 0.00803822
4.63306 0.00249263
4.69652 9.99062e-05
4.75999 0.000898552
4.82346 0.00487572
4.88692 0.0119674
4.95039 0.0220595
5.01385 0.0349896
5.07732 0.0505498
5.14079 0.0684895
5.20425 0.0885202
5.26772 0.11032
5.33119 0.133537
5.39465 0.157798
5.45812 0.182714
5.52159 0.207882
5.58505 0.232899
5.64852 0.257361
5.71199 0.280875
5.77545 0.303063
5.83892 0.323567
5.90239 0.342058
5.96585 0.358238
6.02932 0.371847
6.09279 0.382666
6.15625 0.39052
6.21972 0.395284
6.28319 0.39688
