1.5708 0.173896
1.50733 0.171287
1.44386 0.171562
1.3804 0.167391
1.31693 0.168368
1.25346 0.170831
1.19 0.174824
1.12653 0.181863
1.06306 0.172399
0.999598 0.172961
0.936131 0.175675
0.872665 0.173279
0.809198 0.17448
0.745732 0.178261
0.682265 0.17525
0.618799 0.175016
0.555332 0.172931
0.491866 0.174414
0.428399 0.180668
0.364932 0.174365
0.301466 0.169557
0.237999 0.16828
0.174533 0.167445
0.111066 0.172896
0.0475999 0.171549
-0.0158666 0.173186
-0.0793331 0.17184
-0.1428 0.169987
-0.206266 0.167589
-0.269733 0.168821
-0.333199 0.172792
-0.396666 0.176208
-0.460132 0.179785
-0.523599 0.171544
-0.587065 0.173867
-0.650532 0.17764
-0.713998 0.172931
-0.777465 0.173017
-0.840931 0.174217
-0.904398 0.17779
-0.967864 0.175645
-1.03133 0.171746
-1.0948 0.177557
-1.15826 0.178271
-1.22173 0.174791
-1.2852 0.168978
-1.34866 0.168096
-1.41213 0.168515
-1.4756 0.172371
-1.53906 0.172402
-1.60253 0.172402
-1.666 0.172371
-1.72946 0.168515
-1.79293 0.168096
-1.8564 0.168978
-1.91986 0.174791
-1.98333 0.178271
-2.0468 0.177557
-2.11026 0.171746
-2.17373 0.175645
-2.23719 0.17779
-2.30066 0.174217
-2.36413 0.173017
-2.42759 0.172931
-2.49106 0.17764
-2.55453 0.173867
-2.61799 0.171544
-2.68146 0.179785
-2.74493 0.176208
-2.80839 0.172792
-2.87186 0.168821
-2.93533 0.167589
-2.99879 0.169987
-3.06226 0.17184
-3.12573 0.173186
-3.18919 0.171549
-3.25266 0.172896
-3.31613 0.167445
-3.37959 0.16828
-3.44306 0.169557
-3.50653 0.174365
-3.56999 0.180668
-3.63346 0.174414
-3.69692 0.172931
-3.76039 0.175016
-3.82386 0.17525
-3.88732 0.178261
-3.95079 0.17448
-4.01426 0.173279
-4.07772 0.175675
-4.14119 0.172961
-4.20466 0.172399
-4.26812 0.181863
-4.33159 0.174824
-4.39506 0.170831
-4.45852 0.168368
-4.52199 0.167391
-4.58546 0.171562
-4.64892 0.171287
-4.71239 0.173896
