0 1.05879e-17 0.0128064
1 -0.000441442 0.00785643
2 0.00193257 0.00170417
3 0.00811583 -0.00492602
4 0.0130232 -0.0112198
5 0.0165311 -0.0163703
6 0.0167362 -0.0196781
7 0.0182888 -0.0206432
8 0.0168201 -0.0190346
9 0.0134736 -0.0149316
10 0.00655925 -0.00872811
11 0.000645429 -0.0010983
12 -0.00643561 0.00707263
13 -0.0141346 0.0147872
14 -0.0201191 0.0210523
15 -0.0235556 0.0250013
16 -0.0240088 0.0260066
17 -0.0232763 0.0237687
18 -0.0174109 0.0183709
19 -0.0106652 0.0102904
20 -0.000610558 0.000363345
21 0.00813722 -0.0102947
22 0.0185795 -0.0204063
23 0.0265475 -0.0286747
24 0.032078 -0.033937
25 0.032988 -0.0353107
26 0.0310684 -0.0323161
27 0.024516 -0.0249602
28 0.0133081 -0.0137696
29 0.000757359 0.000232355
30 -0.0143389 0.0156062
31 -0.0277127 0.0306267
32 -0.0413528 0.0434518
33 -0.0484476 0.0523142
34 -0.0527738 0.0557139
35 -0.0494292 0.0525933
36 -0.0409952 0.0424724
37 -0.0243963 0.025531
38 -0.00314377 0.00262303
39 0.0221082 -0.0247794
40 0.051077 -0.0547132
41 0.0788287 -0.0849164
42 0.106964 -0.113078
43 0.128001 -0.137144
44 0.148168 -0.155718
45 0.158734 -0.168681
46 0.170874 -0.178582
47 0.181014 -0.195248
48 0.192426 -0.259453
49 0.140626 -0.697396
50 -5.33631e-16 -inf
51 -0.140626 -0.697396
52 -0.192426 -0.259453
53 -0.181014 -0.195248
54 -0.170874 -0.178582
55 -0.158734 -0.168681
56 -0.148168 -0.155718
57 -0.128001 -0.137144
58 -0.106964 -0.113078
59 -0.0788287 -0.0849164
60 -0.051077 -0.0547132
61 -0.0221082 -0.0247794
62 0.00314377 0.00262303
63 0.0243963 0.025531
64 0.0409952 0.0424724
65 0.0494292 0.0525933
66 0.0527738 0.0557139
67 0.0484476 0.0523142
68 0.0413528 0.0434518
69 0.0277127 0.0306267
70 0.0143389 0.0156062
71 -0.000757359 0.000232355
72 -0.0133081 -0.0137696
73 -0.024516 -0.0249602
74 -0.0310684 -0.0323161
75 -0.032988 -0.0353107
76 -0.032078 -0.033937
77 -0.0265475 -0.0286747
78 -0.0185795 -0.0204063
79 -0.00813722 -0.0102947
80 0.000610558 0.000363345
81 0.0106652 0.0102904
82 0.0174109 0.0183709
83 0.0232763 0.0237687
84 0.0240088 0.0260066
85 0.0235556 0.0250013
86 0.0201191 0.0210523
87 0.0141346 0.0147872
88 0.00643561 0.00707263
89 -0.000645429 -0.0010983
90 -0.00655925 -0.00872811
91 -0.0134736 -0.0149316
92 -0.0168201 -0.0190346
93 -0.0182888 -0.0206432
94 -0.0167362 -0.0196781
95 -0.0165311 -0.0163703
96 -0.0130232 -0.0112198
97 -0.00811583 -0.00492602
98 -0.00193257 0.00170417
99 0.000441442 0.00785643
