0 0.0117391 0.00638409
1 0.0103602 0.00391686
2 0.00574216 0.000851026
3 0.000228841 -0.00245225
4 -0.0047151 -0.00558719
5 -0.00741406 -0.00815189
6 -0.00887039 -0.00979837
7 -0.010089 -0.0102779
8 -0.0101645 -0.00947618
9 -0.00843068 -0.00743337
10 -0.00491491 -0.00434613
11 -0.00170088 -0.00055058
12 0.00222125 0.00351251
13 0.00632777 0.0073469
14 0.00983823 0.0104591
15 0.0113749 0.0124191
16 0.0119221 0.012916
17 0.0116144 0.0118026
18 0.0090306 0.00912208
19 0.00528075 0.00511314
20 0.000483094 0.000192282
21 -0.00377119 -0.0050862
22 -0.00903022 -0.0100888
23 -0.0129926 -0.014174
24 -0.0157974 -0.0167683
25 -0.016171 -0.0174389
26 -0.0152374 -0.0159539
27 -0.0120294 -0.0123231
28 -0.00628593 -0.00681357
29 -0.000219043 6.35693e-05
30 0.00749209 0.00759411
31 0.0139955 0.0149273
32 0.0208369 0.0211613
33 0.024264 0.0254394
34 0.0265656 0.0270468
35 0.0251392 0.0254978
36 0.0211457 0.0206033
37 0.0136638 0.0125105
38 0.00394128 0.00170871
39 -0.00696439 -0.011002
40 -0.0194804 -0.0245797
41 -0.0300606 -0.0378497
42 -0.0400261 -0.0496593
43 -0.0444632 -0.0591122
44 -0.0460755 -0.0660002
45 -0.0386054 -0.0718757
46 -0.0239104 -0.0836668
47 0.00561491 -0.130337
48 0.0398668 -0.381728
49 0.0469139 -3.24546
50 0.0352545 -inf
51 0.0469139 -3.24546
52 0.0398668 -0.381728
53 0.00561491 -0.130337
54 -0.0239104 -0.0836668
55 -0.0386054 -0.0718757
56 -0.0460755 -0.0660002
57 -0.0444632 -0.0591122
58 -0.0400261 -0.0496593
59 -0.0300606 -0.0378497
60 -0.0194804 -0.0245797
61 -0.00696439 -0.011002
62 0.00394128 0.00170871
63 0.0136638 0.0125105
64 0.0211457 0.0206033
65 0.0251392 0.0254978
66 0.0265656 0.0270468
67 0.024264 0.0254394
68 0.0208369 0.0211613
69 0.0139955 0.0149273
70 0.00749209 0.00759411
71 -0.000219043 6.35693e-05
72 -0.00628593 -0.00681357
73 -0.0120294 -0.0123231
74 -0.0152374 -0.0159539
75 -0.016171 -0.0174389
76 -0.0157974 -0.0167683
77 -0.0129926 -0.014174
78 -0.00903022 -0.0100888
79 -0.00377119 -0.0050862
80 0.000483094 0.000192282
81 0.00528075 0.00511314
82 0.0090306 0.00912208
83 0.0116144 0.0118026
84 0.0119221 0.012916
85 0.0113749 0.0124191
86 0.00983823 0.0104591
87 0.00632777 0.0073469
88 0.00222125 0.00351251
89 -0.00170088 -0.00055058
90 -0.00491491 -0.00434613
91 -0.00843068 -0.00743337
92 -0.0101645 -0.00947618
93 -0.010089 -0.0102779
94 -0.00887039 -0.00979837
95 -0.00741406 -0.00815189
96 -0.0047151 -0.00558719
97 0.000228841 -0.00245225
98 0.00574216 0.000851026
99 0.0103602 0.00391686
