1.5708 2.80326e-31
1.50733 0.000739762
1.44386 0.00278524
1.3804 0.00611141
1.31693 0.0107967
1.25346 0.0163253
1.19 0.0229493
1.12653 0.0311516
1.06306 0.039576
0.999598 0.0491133
0.936131 0.0591677
0.872665 0.0692171
0.809198 0.0801834
0.745732 0.0926909
0.682265 0.103482
0.618799 0.111822
0.555332 0.122549
0.491866 0.129907
0.428399 0.138948
0.364932 0.145414
0.301466 0.155226
0.237999 0.160527
0.174533 0.164338
0.111066 0.165969
0.0475999 0.171272
-0.0158666 0.171272
-0.0793331 0.165969
-0.1428 0.164338
-0.206266 0.160527
-0.269733 0.155226
-0.333199 0.145414
-0.396666 0.138948
-0.460132 0.129907
-0.523599 0.122549
-0.587065 0.111822
-0.650532 0.103482
-0.713998 0.0926909
-0.777465 0.0801834
-0.840931 0.0692171
-0.904398 0.0591677
-0.967864 0.0491133
-1.03133 0.039576
-1.0948 0.0311516
-1.15826 0.0229493
-1.22173 0.0163253
-1.2852 0.0107967
-1.34866 0.00611141
-1.41213 0.00278524
-1.4756 0.000739762
-1.53906 3.3318e-31
-1.60253 3.3318e-31
-1.666 0.000739762
-1.72946 0.00278524
-1.79293 0.00611141
-1.8564 0.0107967
-1.91986 0.0163253
-1.98333 0.0229493
-2.0468 0.0311516
-2.11026 0.039576
-2.17373 0.0491133
-2.23719 0.0591677
-2.30066 0.0692171
-2.36413 0.0801834
-2.42759 0.0926909
-2.49106 0.103482
-2.55453 0.111822
-2.61799 0.122549
-2.68146 0.129907
-2.74493 0.138948
-2.80839 0.145414
-2.87186 0.155226
-2.93533 0.160527
-2.99879 0.164338
-3.06226 0.165969
-3.12573 0.171272
-3.18919 0.171272
-3.25266 0.165969
-3.31613 0.164338
-3.37959 0.160527
-3.44306 0.155226
-3.50653 0.145414
-3.56999 0.138948
-3.63346 0.129907
-3.69692 0.122549
-3.76039 0.111822
-3.82386 0.103482
-3.88732 0.0926909
-3.95079 0.0801834
-4.01426 0.0692171
-4.07772 0.0591677
-4.14119 0.0491133
-4.20466 0.039576
-4.26812 0.0311516
-4.33159 0.0229493
-4.39506 0.0163253
-4.45852 0.0107967
-4.52199 0.00611141
-4.58546 0.00278524
-4.64892 0.000739762
-4.71239 2.80326e-31
