
# Surface 0 of 1 surfaces

# Curve title: "'data.txt'"

# Contour 0, label:     0.75
 52.2071  50  0.75 
 52  49.7142  0.75 
 51.9045  50  0.75 
 52  50.2858  0.75 
 52.2071  50  0.75 


# Contour 1, label:      0.7
 52.7011  50  0.7 
 52  49.0325  0.7 
 51.6768  50  0.7 
 52  50.9675  0.7 
 52.7011  50  0.7 


# Contour 2, label:     0.65
 53.0918  50  0.65 
 53  49.6644  0.65 
 52.5491  49  0.65 
 52  48.7338  0.65 
 51.7627  49  0.65 
 51.449  50  0.65 
 51.7627  51  0.65 
 52  51.2662  0.65 
 52.5491  51  0.65 
 53  50.3356  0.65 
 53.0918  50  0.65 


# Contour 3, label:      0.6
 53.0565  49  0.6 
 53  48.9249  0.6 
 52  48.4542  0.6 
 51.5136  49  0.6 
 51.2213  50  0.6 
 51.5136  51  0.6 
 52  51.5458  0.6 
 53  51.0751  0.6 
 53.0565  51  0.6 
 53.3241  50  0.6 
 53.0565  49  0.6 


# Contour 4, label:     0.55
 53.3157  49  0.55 
 53  48.5804  0.55 
 52  48.1747  0.55 
 51.2645  49  0.55 
 51  49.9738  0.55 
 50.9974  50  0.55 
 51  50.0262  0.55 
 51.2645  51  0.55 
 52  51.8253  0.55 
 53  51.4196  0.55 
 53.3157  51  0.55 
 53.5564  50  0.55 
 53.3157  49  0.55 


# Contour 5, label:      0.5
 53.575  49  0.5 
 53  48.2358  0.5 
 52.354  48  0.5 
 52  47.9044  0.5 
 51.879  48  0.5 
 51.0154  49  0.5 
 51  49.0565  0.5 
 50.9067  50  0.5 
 51  50.9435  0.5 
 51.0154  51  0.5 
 51.879  52  0.5 
 52  52.0956  0.5 
 52.354  52  0.5 
 53  51.7642  0.5 
 53.575  51  0.5 
 53.7887  50  0.5 
 53.575  49  0.5 


# Contour 6, label:     0.45
 54.0228  50  0.45 
 54  49.8762  0.45 
 53.8342  49  0.45 
 53.1127  48  0.45 
 53  47.9043  0.45 
 52  47.6495  0.45 
 51.5561  48  0.45 
 51  48.6474  0.45 
 50.9056  49  0.45 
 50.8161  50  0.45 
 50.9056  51  0.45 
 51  51.3526  0.45 
 51.5561  52  0.45 
 52  52.3505  0.45 
 53  52.0957  0.45 
 53.1127  52  0.45 
 53.8342  51  0.45 
 54  50.1238  0.45 
 54.0228  50  0.45 


# Contour 7, label:      0.4
 54.0989  49  0.4 
 54  48.8048  0.4 
 53.4696  48  0.4 
 53  47.6013  0.4 
 52  47.3946  0.4 
 51.2333  48  0.4 
 51  48.2716  0.4 
 50.805  49  0.4 
 50.7254  50  0.4 
 50.805  51  0.4 
 51  51.7284  0.4 
 51.2333  52  0.4 
 52  52.6054  0.4 
 53  52.3987  0.4 
 53.4696  52  0.4 
 54  51.1952  0.4 
 54.0989  51  0.4 
 54.2754  50  0.4 
 54.0989  49  0.4 


# Contour 8, label:     0.35
 54.3734  49  0.35 
 54  48.2633  0.35 
 53.8265  48  0.35 
 53  47.2982  0.35 
 52  47.1397  0.35 
 51  47.9038  0.35 
 50.9619  48  0.35 
 50.7043  49  0.35 
 50.6347  50  0.35 
 50.7043  51  0.35 
 50.9619  52  0.35 
 51  52.0962  0.35 
 52  52.8603  0.35 
 53  52.7018  0.35 
 53.8265  52  0.35 
 54  51.7367  0.35 
 54.3734  51  0.35 
 54.528  50  0.35 
 54.3734  49  0.35 


# Contour 9, label:      0.3
 54.1785  48  0.3 
 54  47.7694  0.3 
 53.0092  47  0.3 
 53  46.9942  0.3 
 52  46.8495  0.3 
 51.7801  47  0.3 
 51  47.5566  0.3 
 50.8245  48  0.3 
 50.6037  49  0.3 
 50.544  50  0.3 
 50.6037  51  0.3 
 50.8245  52  0.3 
 51  52.4434  0.3 
 51.7801  53  0.3 
 52  53.1505  0.3 
 53  53.0058  0.3 
 53.0092  53  0.3 
 54  52.2306  0.3 
 54.1785  52  0.3 
 54.6479  51  0.3 
 54.7806  50  0.3 
 54.6479  49  0.3 
 54.1785  48  0.3 


# Contour 10, label:     0.25
 55.0424  50  0.25 
 55  49.6828  0.25 
 54.9224  49  0.25 
 54.5259  48  0.25 
 54  47.3205  0.25 
 53.5872  47  0.25 
 53  46.6258  0.25 
 52  46.5164  0.25 
 51.2937  47  0.25 
 51  47.2095  0.25 
 50.6871  48  0.25 
 50.5031  49  0.25 
 50.4534  50  0.25 
 50.5031  51  0.25 
 50.6871  52  0.25 
 51  52.7905  0.25 
 51.2937  53  0.25 
 52  53.4836  0.25 
 53  53.3742  0.25 
 53.5872  53  0.25 
 54  52.6795  0.25 
 54.5259  52  0.25 
 54.9224  51  0.25 
 55  50.3172  0.25 
 55.0424  50  0.25 


# Contour 11, label:      0.2
 39.1947  49  0.2 
 39  48.6107  0.2 
 38.9104  49  0.2 
 38.831  50  0.2 
 38.9104  51  0.2 
 39  51.3893  0.2 
 39.1947  51  0.2 
 39.3078  50  0.2 
 39.1947  49  0.2 

 55.246  49  0.2 
 55  48.3372  0.2 
 54.8732  48  0.2 
 54.1401  47  0.2 
 54  46.8576  0.2 
 53  46.2575  0.2 
 52  46.1834  0.2 
 51  46.8129  0.2 
 50.9098  47  0.2 
 50.5497  48  0.2 
 50.4025  49  0.2 
 50.3627  50  0.2 
 50.4025  51  0.2 
 50.5497  52  0.2 
 50.9098  53  0.2 
 51  53.1871  0.2 
 52  53.8166  0.2 
 53  53.7425  0.2 
 54  53.1424  0.2 
 54.1401  53  0.2 
 54.8732  52  0.2 
 55  51.6628  0.2 
 55.246  51  0.2 
 55.3656  50  0.2 
 55.246  49  0.2 


# Contour 12, label:     0.15
 42.0366  43  0.15 
 42  42.9426  0.15 
 41  42.6411  0.15 
 40.0954  43  0.15 
 40  43.037  0.15 
 39  43.9096  0.15 
 38.9288  44  0.15 
 38.2141  45  0.15 
 38  45.3241  0.15 
 37.6865  46  0.15 
 37.3088  47  0.15 
 37.0212  48  0.15 
 37  48.1193  0.15 
 36.8829  49  0.15 
 36.8386  50  0.15 
 36.8829  51  0.15 
 37  51.8807  0.15 
 37.0212  52  0.15 
 37.3088  53  0.15 
 37.6865  54  0.15 
 38  54.6759  0.15 
 38.2141  55  0.15 
 38.9288  56  0.15 
 39  56.0904  0.15 
 40  56.963  0.15 
 40.0954  57  0.15 
 41  57.3589  0.15 
 42  57.0574  0.15 
 42.0366  57  0.15 
 42.1558  56  0.15 
 42.0156  55  0.15 
 42  54.9364  0.15 
 41.7363  54  0.15 
 41.5029  53  0.15 
 41.3376  52  0.15 
 41.239  51  0.15 
 41.2061  50  0.15 
 41.239  49  0.15 
 41.3376  48  0.15 
 41.5029  47  0.15 
 41.7363  46  0.15 
 42  45.0636  0.15 
 42.0156  45  0.15 
 42.1558  44  0.15 
 42.0366  43  0.15 

 55.2578  48  0.15 
 55  47.5432  0.15 
 54.63  47  0.15 
 54  46.3594  0.15 
 53.2944  46  0.15 
 53  45.8403  0.15 
 52  45.7627  0.15 
 51.6164  46  0.15 
 51  46.3408  0.15 
 50.6824  47  0.15 
 50.4122  48  0.15 
 50.3019  49  0.15 
 50.272  50  0.15 
 50.3019  51  0.15 
 50.4122  52  0.15 
 50.6824  53  0.15 
 51  53.6592  0.15 
 51.6164  54  0.15 
 52  54.2373  0.15 
 53  54.1597  0.15 
 53.2944  54  0.15 
 54  53.6406  0.15 
 54.63  53  0.15 
 55  52.4568  0.15 
 55.2578  52  0.15 
 55.589  51  0.15 
 55.6887  50  0.15 
 55.589  49  0.15 
 55.2578  48  0.15 


# Contour 13, label:      0.1
 44.7213  41  0.1 
 44  40.0225  0.1 
 43.9445  40  0.1 
 43  39.792  0.1 
 42  39.9156  0.1 
 41.7876  40  0.1 
 41  40.3067  0.1 
 40  40.9076  0.1 
 39.8897  41  0.1 
 39  41.7637  0.1 
 38.7843  42  0.1 
 38  42.9128  0.1 
 37.9385  43  0.1 
 37.3047  44  0.1 
 37  44.5456  0.1 
 36.7861  45  0.1 
 36.3972  46  0.1 
 36.0906  47  0.1 
 36  47.4027  0.1 
 35.8813  48  0.1 
 35.7617  49  0.1 
 35.7219  50  0.1 
 35.7617  51  0.1 
 35.8813  52  0.1 
 36  52.5973  0.1 
 36.0906  53  0.1 
 36.3972  54  0.1 
 36.7861  55  0.1 
 37  55.4544  0.1 
 37.3047  56  0.1 
 37.9385  57  0.1 
 38  57.0872  0.1 
 38.7843  58  0.1 
 39  58.2363  0.1 
 39.8897  59  0.1 
 40  59.0924  0.1 
 41  59.6933  0.1 
 41.7876  60  0.1 
 42  60.0844  0.1 
 43  60.208  0.1 
 43.9445  60  0.1 
 44  59.9775  0.1 
 44.7213  59  0.1 
 44.7013  58  0.1 
 44.3298  57  0.1 
 44  56.4151  0.1 
 43.804  56  0.1 
 43.2774  55  0.1 
 43  54.3932  0.1 
 42.8272  54  0.1 
 42.4565  53  0.1 
 42.2159  52  0.1 
 42.0815  51  0.1 
 42.0384  50  0.1 
 42.0815  49  0.1 
 42.2159  48  0.1 
 42.4565  47  0.1 
 42.8272  46  0.1 
 43  45.6068  0.1 
 43.2774  45  0.1 
 43.804  44  0.1 
 44  43.5849  0.1 
 44.3298  43  0.1 
 44.7013  42  0.1 
 44.7213  41  0.1 

 56.0155  50  0.1 
 56  49.844  0.1 
 55.932  49  0.1 
 55.6638  48  0.1 
 55.1275  47  0.1 
 55  46.82  0.1 
 54.1999  46  0.1 
 54  45.8194  0.1 
 53  45.3096  0.1 
 52  45.2347  0.1 
 51  45.7779  0.1 
 50.8779  46  0.1 
 50.4549  47  0.1 
 50.2748  48  0.1 
 50.2012  49  0.1 
 50.1813  50  0.1 
 50.2012  51  0.1 
 50.2748  52  0.1 
 50.4549  53  0.1 
 50.8779  54  0.1 
 51  54.2221  0.1 
 52  54.7653  0.1 
 53  54.6904  0.1 
 54  54.1806  0.1 
 54.1999  54  0.1 
 55  53.18  0.1 
 55.1275  53  0.1 
 55.6638  52  0.1 
 55.932  51  0.1 
 56  50.156  0.1 
 56.0155  50  0.1 

 71.0099  46  0.1 
 71  45.9552  0.1 
 70.5604  45  0.1 
 70.1783  44  0.1 
 70  43.5274  0.1 
 69.3448  43  0.1 
 69  42.4839  0.1 
 68.8549  43  0.1 
 68.8535  44  0.1 
 68.9216  45  0.1 
 68.9981  46  0.1 
 69  46.0244  0.1 
 69.1695  47  0.1 
 69.2744  48  0.1 
 69.3335  49  0.1 
 69.3528  50  0.1 
 69.3335  51  0.1 
 69.2744  52  0.1 
 69.1695  53  0.1 
 69  53.9756  0.1 
 68.9981  54  0.1 
 68.9216  55  0.1 
 68.8535  56  0.1 
 68.8549  57  0.1 
 69  57.5161  0.1 
 69.3448  57  0.1 
 70  56.4726  0.1 
 70.1783  56  0.1 
 70.5604  55  0.1 
 71  54.0448  0.1 
 71.0099  54  0.1 
 71.1803  53  0.1 
 71.3138  52  0.1 
 71.4035  51  0.1 
 71.4363  50  0.1 
 71.4035  49  0.1 
 71.3138  48  0.1 
 71.1803  47  0.1 
 71.0099  46  0.1 


# Contour 14, label:     0.05
 23.0212  47  0.05 
 23.1294  46  0.05 
 23.2708  45  0.05 
 23.4506  44  0.05 
 23.6789  43  0.05 
 23.9794  42  0.05 
 24  41.9396  0.05 
 24.2494  41  0.05 
 24.5673  40  0.05 
 24.9832  39  0.05 
 25  38.9623  0.05 
 25.3463  38  0.05 
 25.7984  37  0.05 
 26  36.6106  0.05 
 26.2723  36  0.05 
 26.7889  35  0.05 
 27  34.6301  0.05 
 27.3238  34  0.05 
 27.9322  33  0.05 
 28  32.8814  0.05 
 28.4727  32  0.05 
 29  31.1549  0.05 
 29.0974  31  0.05 
 29.5739  30  0.05 
 29.9831  29  0.05 

 29.9831  29  0.05 
 29  28.5896  0.05 
 28  28.9567  0.05 
 27.939  29  0.05 
 27  29.6517  0.05 
 26.5879  30  0.05 
 26  30.4732  0.05 
 25.4758  31  0.05 
 25  31.4454  0.05 
 24.532  32  0.05 
 24  32.5793  0.05 
 23.6955  33  0.05 
 23  33.877  0.05 
 22.9224  34  0.05 
 22.2952  35  0.05 
 22  35.4302  0.05 
 21.7019  36  0.05 
 21.1437  37  0.05 
 21  37.2526  0.05 
 20.6827  38  0.05 
 20.241  39  0.05 
 20  39.5405  0.05 
 19.846  40  0.05 
 19.5266  41  0.05 
 19.2072  42  0.05 
 19  42.6815  0.05 
 18.9279  43  0.05 
 18.7257  44  0.05 
 18.5428  45  0.05 
 18.3854  46  0.05 
 18.2618  47  0.05 
 18.1721  48  0.05 
 18.1126  49  0.05 
 18.0904  50  0.05 
 18.1126  51  0.05 
 18.1721  52  0.05 
 18.2618  53  0.05 
 18.3854  54  0.05 
 18.5428  55  0.05 
 18.7257  56  0.05 
 18.9279  57  0.05 
 19  57.3185  0.05 
 19.2072  58  0.05 
 19.5266  59  0.05 
 19.846  60  0.05 
 20  60.4595  0.05 
 20.241  61  0.05 
 20.6827  62  0.05 
 21  62.7474  0.05 
 21.1437  63  0.05 
 21.7019  64  0.05 
 22  64.5698  0.05 
 22.2952  65  0.05 
 22.9224  66  0.05 
 23  66.123  0.05 
 23.6955  67  0.05 
 24  67.4207  0.05 
 24.532  68  0.05 
 25  68.5546  0.05 
 25.4758  69  0.05 
 26  69.5268  0.05 
 26.5879  70  0.05 
 27  70.3483  0.05 
 27.939  71  0.05 
 28  71.0433  0.05 
 29  71.4104  0.05 
 29.9831  71  0.05 
 29.5739  70  0.05 
 29.0974  69  0.05 
 29  68.8451  0.05 
 28.4727  68  0.05 
 28  67.1186  0.05 
 27.9322  67  0.05 
 27.3238  66  0.05 
 27  65.3699  0.05 
 26.7889  65  0.05 
 26.2723  64  0.05 
 26  63.3894  0.05 
 25.7984  63  0.05 
 25.3463  62  0.05 
 25  61.0377  0.05 
 24.9832  61  0.05 
 24.5673  60  0.05 
 24.2494  59  0.05 
 24  58.0604  0.05 
 23.9794  58  0.05 
 23.6789  57  0.05 
 23.4506  56  0.05 
 23.2708  55  0.05 
 23.1294  54  0.05 
 23.0212  53  0.05 
 23  52.7257  0.05 
 22.9246  52  0.05 
 22.866  51  0.05 
 22.8475  50  0.05 
 22.866  49  0.05 
 22.9246  48  0.05 
 23  47.2743  0.05 
 23.0212  47  0.05 

 47.1265  39  0.05 
 47  38.7681  0.05 
 46.3396  38  0.05 
 46  37.7614  0.05 
 45  37.4366  0.05 
 44  37.4131  0.05 
 43  37.5934  0.05 
 42  37.9384  0.05 
 41.8828  38  0.05 
 41  38.4314  0.05 
 40.1414  39  0.05 
 40  39.0907  0.05 
 39  39.9178  0.05 
 38.9187  40  0.05 
 38  40.9613  0.05 
 37.9687  41  0.05 
 37.207  42  0.05 
 37  42.2984  0.05 
 36.5758  43  0.05 
 36.0557  44  0.05 
 36  44.123  0.05 
 35.635  45  0.05 
 35.3035  46  0.05 
 35.0499  47  0.05 
 35  47.2717  0.05 
 34.8693  48  0.05 
 34.7618  49  0.05 
 34.726  50  0.05 
 34.7618  51  0.05 
 34.8693  52  0.05 
 35  52.7283  0.05 
 35.0499  53  0.05 
 35.3035  54  0.05 
 35.635  55  0.05 
 36  55.877  0.05 
 36.0557  56  0.05 
 36.5758  57  0.05 
 37  57.7016  0.05 
 37.207  58  0.05 
 37.9687  59  0.05 
 38  59.0387  0.05 
 38.9187  60  0.05 
 39  60.0822  0.05 
 40  60.9093  0.05 
 40.1414  61  0.05 
 41  61.5686  0.05 
 41.8828  62  0.05 
 42  62.0616  0.05 
 43  62.4066  0.05 
 44  62.5869  0.05 
 45  62.5634  0.05 
 46  62.2386  0.05 
 46.3396  62  0.05 
 47  61.2319  0.05 
 47.1265  61  0.05 
 47.3845  60  0.05 
 47.3265  59  0.05 
 47  58.287  0.05 
 46.8838  58  0.05 
 46.0428  57  0.05 
 46  56.9695  0.05 
 45.1007  56  0.05 
 45  55.9105  0.05 
 44.2866  55  0.05 
 44  54.5983  0.05 
 43.6464  54  0.05 
 43.1901  53  0.05 
 43  52.3696  0.05 
 42.8791  52  0.05 
 42.6771  51  0.05 
 42.6126  50  0.05 
 42.6771  49  0.05 
 42.8791  48  0.05 
 43  47.6304  0.05 
 43.1901  47  0.05 
 43.6464  46  0.05 
 44  45.4017  0.05 
 44.2866  45  0.05 
 45  44.0895  0.05 
 45.1007  44  0.05 
 46  43.0305  0.05 
 46.0428  43  0.05 
 46.8838  42  0.05 
 47  41.713  0.05 
 47.3265  41  0.05 
 47.3845  40  0.05 
 47.1265  39  0.05 

 56.0864  48  0.05 
 56  47.7969  0.05 
 55.6484  47  0.05 
 55  46.0843  0.05 
 54.9177  46  0.05 
 54  45.1706  0.05 
 53.613  45  0.05 
 53  44.6559  0.05 
 52  44.5018  0.05 
 51  44.9623  0.05 
 50.9746  45  0.05 
 50.439  46  0.05 
 50.2275  47  0.05 
 50.1374  48  0.05 
 50.1006  49  0.05 
 50.0907  50  0.05 
 50.1006  51  0.05 
 50.1374  52  0.05 
 50.2275  53  0.05 
 50.439  54  0.05 
 50.9746  55  0.05 
 51  55.0377  0.05 
 52  55.4982  0.05 
 53  55.3441  0.05 
 53.613  55  0.05 
 54  54.8294  0.05 
 54.9177  54  0.05 
 55  53.9157  0.05 
 55.6484  53  0.05 
 56  52.2031  0.05 
 56.0864  52  0.05 
 56.3549  51  0.05 
 56.4389  50  0.05 
 56.3549  49  0.05 
 56.0864  48  0.05 

 70.0268  62  0.05 
 70.6428  61  0.05 
 71  60.4005  0.05 
 71.2095  60  0.05 
 71.6923  59  0.05 
 72  58.323  0.05 
 72.1306  58  0.05 
 72.4883  57  0.05 
 72.8055  56  0.05 
 73  55.3084  0.05 
 73.0779  55  0.05 
 73.2837  54  0.05 
 73.4439  53  0.05 
 73.56  52  0.05 
 73.6306  51  0.05 
 73.6543  50  0.05 
 73.6306  49  0.05 
 73.56  48  0.05 
 73.4439  47  0.05 
 73.2837  46  0.05 
 73.0779  45  0.05 

 73.0779  45  0.05 
 73  44.6916  0.05 
 72.8055  44  0.05 
 72.4883  43  0.05 
 72.1306  42  0.05 
 72  41.677  0.05 
 71.6923  41  0.05 
 71.2095  40  0.05 
 71  39.5995  0.05 
 70.6428  39  0.05 
 70.0268  38  0.05 
 70  37.959  0.05 
 69.2866  37  0.05 
 69  36.6234  0.05 
 68.4534  36  0.05 
 68  35.4889  0.05 
 67.4955  35  0.05 
 67  34.5208  0.05 
 66.3736  34  0.05 
 66  33.6889  0.05 
 65.0361  33  0.05 
 65  32.9741  0.05 
 64  32.4092  0.05 
 63.1502  32  0.05 
 63  31.9284  0.05 
 62  31.6217  0.05 
 61  31.4735  0.05 
 60  31.6441  0.05 
 59.5488  32  0.05 
 59.5924  33  0.05 
 60  33.6563  0.05 
 60.1704  34  0.05 
 60.9411  35  0.05 
 61  35.0587  0.05 
 61.7782  36  0.05 
 62  36.2418  0.05 
 62.5933  37  0.05 
 63  37.5112  0.05 
 63.3492  38  0.05 
 64  38.971  0.05 
 64.0185  39  0.05 
 64.6606  40  0.05 
 65  40.6205  0.05 
 65.2093  41  0.05 
 65.6984  42  0.05 
 66  42.7469  0.05 
 66.1103  43  0.05 
 66.4879  44  0.05 
 66.7769  45  0.05 
 66.9988  46  0.05 
 67  46.007  0.05 
 67.2073  47  0.05 
 67.3487  48  0.05 
 67.4324  49  0.05 
 67.4604  50  0.05 
 67.4324  51  0.05 
 67.3487  52  0.05 
 67.2073  53  0.05 
 67  53.993  0.05 
 66.9988  54  0.05 
 66.7769  55  0.05 
 66.4879  56  0.05 
 66.1103  57  0.05 
 66  57.2531  0.05 
 65.6984  58  0.05 
 65.2093  59  0.05 
 65  59.3795  0.05 
 64.6606  60  0.05 
 64.0185  61  0.05 
 64  61.029  0.05 
 63.3492  62  0.05 
 63  62.4888  0.05 
 62.5933  63  0.05 
 62  63.7582  0.05 
 61.7782  64  0.05 
 61  64.9413  0.05 
 60.9411  65  0.05 
 60.1704  66  0.05 
 60  66.3437  0.05 
 59.5924  67  0.05 
 59.5488  68  0.05 
 60  68.3559  0.05 
 61  68.5265  0.05 
 62  68.3783  0.05 
 63  68.0716  0.05 
 63.1502  68  0.05 
 64  67.5908  0.05 
 65  67.0259  0.05 
 65.0361  67  0.05 
 66  66.3111  0.05 
 66.3736  66  0.05 
 67  65.4792  0.05 
 67.4955  65  0.05 
 68  64.5111  0.05 
 68.4534  64  0.05 
 69  63.3766  0.05 
 69.2866  63  0.05 
 70  62.041  0.05 
 70.0268  62  0.05 


# Contour 15, label:        0
 25.2426  55  0 
 25.0668  54  0 
 25  53.5125  0 
 24.9254  53  0 
 24.8233  52  0 
 24.7637  51  0 
 24.7438  50  0 
 24.7637  49  0 
 24.8233  48  0 
 24.9254  47  0 
 25  46.4875  0 
 25.0668  46  0 
 25.2426  45  0 
 25.4614  44  0 
 25.7275  43  0 
 26  42.1393  0 
 26.0438  42  0 
 26.3961  41  0 
 26.8025  40  0 
 27  39.5659  0 
 27.2629  39  0 
 27.7738  38  0 
 28  37.5955  0 
 28.3462  37  0 
 28.9795  36  0 
 29  35.9691  0 
 29.6816  35  0 
 30  34.5731  0 
 30.4618  34  0 
 31  33.3549  0 
 31.3261  33  0 
 32  32.2769  0 
 32.2883  32  0 
 33  31.313  0 
 33.367  31  0 
 34  30.4465  0 
 34.5841  30  0 
 35  29.6665  0 
 35.9626  29  0 
 36  28.9721  0 
 37  28.3281  0 
 37.5989  28  0 
 38  27.756  0 
 39  27.2453  0 
 39.5707  27  0 
 40  26.787  0 
 41  26.3772  0 
 42  26.0328  0 
 42.1222  26  0 
 43  25.7092  0 
 44  25.4415  0 
 45  25.2253  0 
 46  25.0559  0 
 46.4997  25  0 
 47  24.9139  0 
 48  24.8067  0 
 49  24.7435  0 
 50  24  0 
 50  23  0 
 50  22.7682  0 
 50  22  0 
 50  21.3538  0 
 50  21  0 
 50  20.5666  0 
 50  20  0 
 50  19.4954  0 
 50  19  0 
 50  18.62  0 
 50  18  0 
 50  17.33  0 
 50  17  0 
 50  16.4781  0 
 50  16  0 

 23  70.6025  0 
 23.3137  71  0 
 24  71.84  0 
 24.1393  72  0 
 25  72.9718  0 
 25.027  73  0 
 25.9858  74  0 
 26  74.0148  0 
 27  74.9758  0 
 27.0275  75  0 
 28  75.8687  0 
 28.1622  76  0 
 29  76.699  0 
 29.4031  77  0 
 30  77.4692  0 
 30.7692  78  0 
 31  78.1729  0 
 32  78.8242  0 
 32.2994  79  0 
 33  79.4466  0 
 34  79.992  0 
 34.0161  80  0 
 35  80.5319  0 
 36  80.9957  0 
 36.0103  81  0 
 37  81.4564  0 
 38  81.8473  0 
 38.4419  82  0 
 39  82.2263  0 
 40  82.5586  0 
 41  82.8476  0 
 41.6057  83  0 
 42  83.1225  0 
 43  83.3672  0 
 44  83.5659  0 
 45  83.726  0 
 46  83.8467  0 
 47  83.9312  0 
 47.8855  84  0 
 48  84.0148  0 
 49  84.1105  0 
 50  84  0 
 50  83  0 
 50  82.4966  0 
 50  82  0 
 50  81.6054  0 
 50  81  0 
 50  80  0 
 50  79.4746  0 
 50  79  0 
 50  78.6906  0 
 50  78  0 
 50  77  0 
 50  76  0 
 49  75.2565  0 
 48  75.1933  0 
 47  75.0861  0 
 46.4997  75  0 
 46  74.9441  0 
 45  74.7747  0 
 44  74.5585  0 
 43  74.2908  0 
 42.1222  74  0 
 42  73.9672  0 
 41  73.6228  0 
 40  73.213  0 
 39.5707  73  0 
 39  72.7547  0 
 38  72.244  0 
 37.5989  72  0 
 37  71.6719  0 
 36  71.0279  0 
 35.9626  71  0 
 35  70.3335  0 
 34.5841  70  0 
 34  69.5535  0 
 33.367  69  0 
 33  68.687  0 
 32.2883  68  0 
 32  67.7231  0 
 31.3261  67  0 
 31  66.6451  0 
 30.4618  66  0 
 30  65.4269  0 
 29.6816  65  0 
 29  64.0309  0 
 28.9795  64  0 
 28.3462  63  0 
 28  62.4045  0 
 27.7738  62  0 
 27.2629  61  0 
 27  60.4341  0 
 26.8025  60  0 
 26.3961  59  0 
 26.0438  58  0 
 26  57.8607  0 
 25.7275  57  0 
 25.4614  56  0 
 25.2426  55  0 

 50  16  0 
 50  15.4643  0 
 49  15.8895  0 
 48  15.9852  0 
 47.8855  16  0 
 47  16.0688  0 
 46  16.1533  0 
 45  16.274  0 
 44  16.4341  0 
 43  16.6328  0 
 42  16.8775  0 
 41.6057  17  0 
 41  17.1524  0 
 40  17.4414  0 
 39  17.7737  0 
 38.4419  18  0 
 38  18.1527  0 
 37  18.5436  0 
 36.0103  19  0 
 36  19.0043  0 
 35  19.4681  0 
 34.0161  20  0 
 34  20.008  0 
 33  20.5534  0 
 32.2994  21  0 
 32  21.1758  0 
 31  21.8271  0 
 30.7692  22  0 
 30  22.5308  0 
 29.4031  23  0 
 29  23.301  0 
 28.1622  24  0 
 28  24.1313  0 
 27.0275  25  0 
 27  25.0242  0 
 26  25.9852  0 
 25.9858  26  0 
 25.027  27  0 
 25  27.0282  0 
 24.1393  28  0 
 24  28.16  0 
 23.3137  29  0 
 23  29.3975  0 
 22.5457  30  0 
 22  30.7692  0 
 21.8389  31  0 
 21.1883  32  0 
 21  32.2994  0 
 20.5701  33  0 
 20.017  34  0 
 20  34.0312  0 
 19.4856  35  0 
 19.014  36  0 
 19  36.0304  0 
 18.561  37  0 
 18.1657  38  0 
 18  38.4419  0 
 17.7866  39  0 
 17.4562  40  0 
 17.1648  41  0 
 17  41.6149  0 
 16.8925  42  0 
 16.6564  43  0 
 16.4616  44  0 
 16.2964  45  0 
 16.1575  46  0 
 16.0482  47  0 
 16  47.6053  0 
 15.9672  48  0 
 15.9212  49  0 
 15.9082  50  0 
 15.9212  51  0 
 15.9672  52  0 
 16  52.3947  0 
 16.0482  53  0 
 16.1575  54  0 
 16.2964  55  0 
 16.4616  56  0 
 16.6564  57  0 
 16.8925  58  0 
 17  58.3851  0 
 17.1648  59  0 
 17.4562  60  0 
 17.7866  61  0 
 18  61.5581  0 
 18.1657  62  0 
 18.561  63  0 
 19  63.9696  0 
 19.014  64  0 
 19.4856  65  0 
 20  65.9688  0 
 20.017  66  0 
 20.5701  67  0 
 21  67.7006  0 
 21.1883  68  0 
 21.8389  69  0 
 22  69.2308  0 
 22.5457  70  0 
 23  70.6025  0 

 50  69  0 
 50  70  0 
 50  70.1968  0 
 50  71  0 
 50  71.7927  0 
 50  72  0 
 50  72.3004  0 
 50  73  0 
 50  73.5412  0 
 50  74  0 
 50  74.5954  0 
 50  75  0 
 50  75.5761  0 
 51  75.2565  0 
 52  75.1933  0 
 53  75.0861  0 
 53.5003  75  0 
 54  74.9441  0 
 55  74.7747  0 
 56  74.5585  0 
 57  74.2908  0 
 57.8778  74  0 
 58  73.9672  0 
 59  73.6228  0 
 60  73.213  0 
 60.4293  73  0 
 61  72.7547  0 
 62  72.244  0 
 62.4011  72  0 
 63  71.6719  0 
 64  71.0279  0 
 64.0374  71  0 
 65  70.3335  0 
 65.4159  70  0 
 66  69.5535  0 
 66.633  69  0 
 67  68.687  0 
 67.7117  68  0 
 68  67.7231  0 
 68.6739  67  0 
 69  66.6451  0 
 69.5382  66  0 
 70  65.4269  0 
 70.3184  65  0 
 71  64.0309  0 
 71.0205  64  0 
 71.6538  63  0 
 72  62.4045  0 
 72.2262  62  0 
 72.7371  61  0 
 73  60.4341  0 
 73.1975  60  0 
 73.6039  59  0 
 73.9562  58  0 
 74  57.8607  0 
 74.2725  57  0 
 74.5386  56  0 
 74.7574  55  0 
 74.9332  54  0 
 75  53.5125  0 
 75.0746  53  0 
 75.1767  52  0 
 75.2363  51  0 
 75.2562  50  0 
 75.2363  49  0 
 75.1767  48  0 
 75.0746  47  0 

 56.589  48  0 
 56.1987  47  0 
 56  46.6275  0 
 55.6178  46  0 
 55  45.2161  0 
 54.7512  45  0 
 54  44.3134  0 
 53.3798  44  0 
 53  43.7215  0 
 52  43.3184  0 
 51  43.1215  0 
 50  43  0 
 50  42.2113  0 
 50  42  0 
 50  41.7887  0 
 50  41  0 
 50  40.1884  0 
 50  40  0 
 50  39.7719  0 
 50  39  0 
 50  38.4634  0 
 50  38  0 
 50  37.7008  0 
 50  37  0 
 50  36  0 
 50  35.84  0 
 50  35  0 
 50  34  0 
 49  33.7151  0 
 48  33.8147  0 
 47  33.986  0 
 46.9559  34  0 
 46  34.1903  0 
 45  34.4682  0 
 44  34.8391  0 
 43.6827  35  0 
 43  35.2704  0 
 42  35.7939  0 
 41.6948  36  0 
 41  36.4024  0 
 40.2002  37  0 
 40  37.137  0 
 39  37.9914  0 
 38.9916  38  0 
 38  38.9902  0 
 37.9916  39  0 
 37.1514  40  0 
 37  40.1913  0 
 36.4298  41  0 
 36  41.688  0 
 35.8172  42  0 
 35.2994  43  0 
 35  43.6867  0 
 34.8641  44  0 
 34.4993  45  0 
 34.2179  46  0 
 34.0081  47  0 
 34  47.0535  0 
 33.8455  48  0 
 33.7487  49  0 
 33.7165  50  0 
 33.7487  51  0 
 33.8455  52  0 
 34  52.9465  0 
 34.0081  53  0 
 34.2179  54  0 
 34.4993  55  0 
 34.8641  56  0 
 35  56.3133  0 
 35.2994  57  0 
 35.8172  58  0 
 36  58.312  0 
 36.4298  59  0 
 37  59.8087  0 
 37.1514  60  0 
 37.9916  61  0 
 38  61.0098  0 
 38.9916  62  0 
 39  62.0086  0 
 40  62.863  0 
 40.2002  63  0 
 41  63.5976  0 
 41.6948  64  0 
 42  64.2061  0 
 43  64.7296  0 
 43.6827  65  0 
 44  65.1609  0 
 45  65.5318  0 
 46  65.8097  0 
 46.9559  66  0 
 47  66.014  0 
 48  66.1853  0 
 49  66.2849  0 
 50  66.4839  0 
 50  67  0 
 50  67.2883  0 
 50  68  0 
 50  68.5683  0 
 50  69  0 

 65.7821  54  0 
 65.5007  55  0 
 65.1359  56  0 
 65  56.3133  0 
 64.7006  57  0 
 64.1828  58  0 
 64  58.312  0 
 63.5702  59  0 
 63  59.8087  0 
 62.8486  60  0 
 62.0084  61  0 
 62  61.0098  0 
 61.0084  62  0 
 61  62.0086  0 
 60  62.863  0 
 59.7998  63  0 
 59  63.5976  0 
 58.3052  64  0 
 58  64.2061  0 
 57  64.7296  0 
 56.3173  65  0 
 56  65.1609  0 
 55  65.5318  0 
 54  65.8097  0 
 53.0441  66  0 
 53  66.014  0 
 52  66.1853  0 
 51  66.2849  0 
 50  66  0 
 50  65.6739  0 
 50  65  0 
 50  64  0 
 50  63.2  0 
 50  63  0 
 50  62.6949  0 
 50  62  0 
 50  61  0 
 50  60  0 
 50  59  0 
 50  58  0 
 50  57  0 
 49  56.8785  0 
 48  56.6816  0 
 47  56.2785  0 
 46.6202  56  0 
 46  55.6866  0 
 45.2488  55  0 
 45  54.7839  0 
 44.3822  54  0 
 44  53.3725  0 
 43.8013  53  0 
 43.411  52  0 
 43.2026  51  0 
 43.1377  50  0 
 43.2026  49  0 
 43.411  48  0 
 43.8013  47  0 
 44  46.6275  0 
 44.3822  46  0 
 45  45.2161  0 
 45.2488  45  0 
 46  44.3134  0 
 46.6202  44  0 
 47  43.7215  0 
 48  43.3184  0 
 49  43.1215  0 
 50  43.6667  0 
 50  44  0 
 50  45  0 
 50  46  0 
 50  47  0 
 50  47.68  0 
 50  48  0 
 50  48.6154  0 
 50  49  0 
 50  49.1429  0 
 50  50  0 
 50  51  0 
 50  52  0 
 50  53  0 
 50  54  0 
 50  55  0 
 50  56  0 
 50  56.3437  0 
 51  56.8785  0 
 52  56.6816  0 
 53  56.2785  0 
 53.3798  56  0 
 54  55.6866  0 
 54.7512  55  0 
 55  54.7839  0 
 55.6178  54  0 
 56  53.3725  0 
 56.1987  53  0 
 56.589  52  0 
 56.7974  51  0 
 56.8623  50  0 
 56.7974  49  0 
 56.589  48  0 

 75.0746  47  0 
 75  46.4875  0 
 74.9332  46  0 
 74.7574  45  0 
 74.5386  44  0 
 74.2725  43  0 
 74  42.1393  0 
 73.9562  42  0 
 73.6039  41  0 
 73.1975  40  0 
 73  39.5659  0 
 72.7371  39  0 
 72.2262  38  0 
 72  37.5955  0 
 71.6538  37  0 
 71.0205  36  0 
 71  35.9691  0 
 70.3184  35  0 
 70  34.5731  0 
 69.5382  34  0 
 69  33.3549  0 
 68.6739  33  0 
 68  32.2769  0 
 67.7117  32  0 
 67  31.313  0 
 66.633  31  0 
 66  30.4465  0 
 65.4159  30  0 
 65  29.6665  0 
 64.0374  29  0 
 64  28.9721  0 
 63  28.3281  0 
 62.4011  28  0 
 62  27.756  0 
 61  27.2453  0 
 60.4293  27  0 
 60  26.787  0 
 59  26.3772  0 
 58  26.0328  0 
 57.8778  26  0 
 57  25.7092  0 
 56  25.4415  0 
 55  25.2253  0 
 54  25.0559  0 
 53.5003  25  0 
 53  24.9139  0 
 52  24.8067  0 
 51  24.7435  0 
 50  25  0 
 50  25.4885  0 
 50  26  0 
 50  27  0 
 50  28  0 
 50  28.2629  0 
 50  29  0 
 50  30  0 
 50  31  0 
 50  31.8621  0 
 50  32  0 
 50  33  0 
 50  33.4423  0 
 51  33.7151  0 
 52  33.8147  0 
 53  33.986  0 
 53.0441  34  0 
 54  34.1903  0 
 55  34.4682  0 
 56  34.8391  0 
 56.3173  35  0 
 57  35.2704  0 
 58  35.7939  0 
 58.3052  36  0 
 59  36.4024  0 
 59.7998  37  0 
 60  37.137  0 
 61  37.9914  0 
 61.0084  38  0 
 62  38.9902  0 
 62.0084  39  0 
 62.8486  40  0 
 63  40.1913  0 
 63.5702  41  0 
 64  41.688  0 
 64.1828  42  0 
 64.7006  43  0 
 65  43.6867  0 
 65.1359  44  0 
 65.5007  45  0 
 65.7821  46  0 
 65.9919  47  0 
 66  47.0535  0 
 66.1545  48  0 
 66.2513  49  0 
 66.2835  50  0 
 66.2513  51  0 
 66.1545  52  0 
 66  52.9465  0 
 65.9919  53  0 
 65.7821  54  0 

 5  64.2162  0 
 5.58756  65  0 
 6  65.5154  0 
 6.27524  66  0 
 6.87462  67  0 
 7  67.1753  0 
 7.46675  68  0 
 8  68.7214  0 
 8.13134  69  0 
 8.63404  70  0 
 9  70.5112  0 
 9.23471  71  0 
 9.89634  72  0 
 10  72.1519  0 
 10.3014  73  0 
 11  73.9507  0 
 11.0238  74  0 
 11.2062  75  0 
 11  75.3436  0 
 10.6681  75  0 
 10  74.4657  0 
 9.5551  74  0 
 9  73.4908  0 
 8.57572  73  0 
 8  72.3517  0 
 7.69045  72  0 
 7  71.2017  0 
 6.83354  71  0 
 6.08452  70  0 
 6  69.8973  0 
 5.27266  69  0 
 5  68.6629  0 

 5  56.6047  0 
 5.07444  57  0 
 5  57.5176  0 

 5  51.5233  0 
 6  51.6005  0 
 6.88835  52  0 
 6.8117  53  0 
 6  53.8037  0 
 5.1459  54  0 
 5  54.124  0 

 5  45.876  0 
 5.1459  46  0 
 6  46.1963  0 
 6.8117  47  0 
 6.88835  48  0 
 6  48.3995  0 
 5  48.4767  0 

 5  42.4824  0 
 5.07444  43  0 
 5  43.3953  0 

 5  31.3371  0 
 5.27266  31  0 
 6  30.1027  0 
 6.08452  30  0 
 6.83354  29  0 
 7  28.7983  0 
 7.69045  28  0 
 8  27.6483  0 
 8.57572  27  0 
 9  26.5092  0 
 9.5551  26  0 
 10  25.5343  0 
 10.6681  25  0 
 11  24.6564  0 
 11.2062  25  0 
 11.0238  26  0 
 11  26.0493  0 
 10.3014  27  0 
 10  27.8481  0 
 9.89634  28  0 
 9.23471  29  0 
 9  29.4888  0 
 8.63404  30  0 
 8.13134  31  0 
 8  31.2786  0 
 7.46675  32  0 
 7  32.8247  0 
 6.87462  33  0 
 6.27524  34  0 
 6  34.4846  0 
 5.58756  35  0 
 5  35.7838  0 

 5.08706  5  0 
 5  5.10266  0 

 26.1402  95  0 
 26  94.8939  0 
 25  94.0889  0 
 24.9013  94  0 
 24  93.3222  0 
 23.6421  93  0 
 23  92.4923  0 
 22.4569  92  0 
 22  91.6288  0 
 21.3105  91  0 
 21  90.7383  0 
 20.2007  90  0 
 20  89.8272  0 
 19.1121  89  0 
 19  88.9005  0 
 18.0493  88  0 
 18  87.9554  0 
 17.0019  87  0 
 17  86.9982  0 
 16  86.044  0 
 15.9562  86  0 
 15  85.0673  0 
 14.9338  85  0 
 14  84.0518  0 
 13.9496  84  0 
 13  83.0118  0 
 12.9887  83  0 
 12.0342  82  0 
 12  81.9639  0 
 11.0858  81  0 
 11  80.9074  0 
 10.1559  80  0 
 10  79.8259  0 
 9.24079  79  0 
 9  78.7252  0 
 8.34488  78  0 
 8  77.5892  0 
 7.4741  77  0 
 7  76.4184  0 
 6.63206  76  0 
 6  75.1774  0 
 5.84572  75  0 
 5.06482  74  0 
 5  73.9189  0 

 26.1402  5  0 
 26  5.10605  0 
 25  5.91111  0 
 24.9013  6  0 
 24  6.67779  0 
 23.6421  7  0 
 23  7.50768  0 
 22.4569  8  0 
 22  8.37121  0 
 21.3105  9  0 
 21  9.26173  0 
 20.2007  10  0 
 20  10.1728  0 
 19.1121  11  0 
 19  11.0995  0 
 18.0493  12  0 
 18  12.0446  0 
 17.0019  13  0 
 17  13.0018  0 
 16  13.956  0 
 15.9562  14  0 
 15  14.9327  0 
 14.9338  15  0 
 14  15.9482  0 
 13.9496  16  0 
 13  16.9882  0 
 12.9887  17  0 
 12.0342  18  0 
 12  18.0361  0 
 11.0858  19  0 
 11  19.0926  0 
 10.1559  20  0 
 10  20.1741  0 
 9.24079  21  0 
 9  21.2748  0 
 8.34488  22  0 
 8  22.4108  0 
 7.4741  23  0 
 7  23.5816  0 
 6.63206  24  0 
 6  24.8226  0 
 5.84572  25  0 
 5.06482  26  0 
 5  26.0811  0 

 36.1597  95  0 
 36  94.9043  0 
 35  94.306  0 
 34.5946  94  0 
 34  93.6574  0 
 33.0004  93  0 
 32  92.4528  0 
 31.3988  92  0 
 31  91.8105  0 
 30  91.2522  0 
 29.658  91  0 
 29  90.699  0 
 28.0419  90  0 
 28  89.9812  0 
 27  89.6261  0 
 26.1426  89  0 
 26  88.9364  0 
 25  88.7312  0 
 24.6428  89  0 
 25  89.3558  0 
 25.5372  90  0 
 26  90.4451  0 
 26.5409  91  0 
 27  91.4099  0 
 27.6748  92  0 
 28  92.2929  0 
 28.8504  93  0 
 29  93.1297  0 
 30  93.8934  0 
 30.1347  94  0 
 31  94.7022  0 
 31.3894  95  0 

 36.1597  5  0 
 36  5.09569  0 
 35  5.69396  0 
 34.5946  6  0 
 34  6.34257  0 
 33.0004  7  0 
 32  7.5472  0 
 31.3988  8  0 
 31  8.1895  0 
 30  8.74785  0 
 29.658  9  0 
 29  9.30102  0 
 28.0419  10  0 
 28  10.0188  0 
 27  10.3739  0 
 26.1426  11  0 
 26  11.0636  0 
 25  11.2688  0 
 24.6428  11  0 
 25  10.6442  0 
 25.5372  10  0 
 26  9.55486  0 
 26.5409  9  0 
 27  8.59008  0 
 27.6748  8  0 
 28  7.70713  0 
 28.8504  7  0 
 29  6.87032  0 
 30  6.10661  0 
 30.1347  6  0 
 31  5.29781  0 
 31.3894  5  0 

 43.6495  95  0 
 43  94.663  0 
 42  94.7581  0 
 41  94.4051  0 
 40.0935  94  0 
 40  93.9911  0 
 39.959  94  0 
 39.8917  95  0 

 43.6495  5  0 
 43  5.33702  0 
 42  5.24186  0 
 41  5.59485  0 
 40.0935  6  0 
 40  6.00886  0 
 39.959  6  0 
 39.8917  5  0 

 50  95  0 
 50  94  0 
 49  93.9484  0 
 48.9133  94  0 
 48.2034  95  0 

 51.7966  95  0 
 51.0867  94  0 
 51  93.9484  0 
 50  93.8379  0 
 50  93  0 
 50  92.563  0 
 50  92  0 
 50  91.5701  0 
 49  91.5123  0 
 48.6623  92  0 
 48  92.9726  0 
 47.9785  93  0 
 47.4895  94  0 
 47  94.4676  0 
 46.6093  95  0 

 51.7966  5  0 
 51.0867  6  0 
 51  6.05161  0 
 50  6.1305  0 
 50  6  0 
 50  5.86863  0 
 50  5  0 

 83  41.6149  0 
 82.8352  41  0 
 82.5438  40  0 
 82.2134  39  0 
 82  38.4419  0 
 81.8343  38  0 
 81.439  37  0 
 81  36.0304  0 
 80.986  36  0 
 80.5144  35  0 
 80  34.0312  0 
 79.983  34  0 
 79.4299  33  0 
 79  32.2994  0 
 78.8117  32  0 
 78.1611  31  0 
 78  30.7692  0 
 77.4543  30  0 
 77  29.3975  0 
 76.6863  29  0 
 76  28.16  0 
 75.8607  28  0 
 75  27.0282  0 
 74.973  27  0 
 74.0142  26  0 
 74  25.9852  0 
 73  25.0242  0 
 72.9725  25  0 
 72  24.1313  0 
 71.8378  24  0 
 71  23.301  0 
 70.5969  23  0 
 70  22.5308  0 
 69.2308  22  0 
 69  21.8271  0 
 68  21.1758  0 
 67.7006  21  0 
 67  20.5534  0 
 66  20.008  0 
 65.9839  20  0 
 65  19.4681  0 
 64  19.0043  0 
 63.9897  19  0 
 63  18.5436  0 
 62  18.1527  0 
 61.5581  18  0 
 61  17.7737  0 
 60  17.4414  0 
 59  17.1524  0 
 58.3943  17  0 
 58  16.8775  0 
 57  16.6328  0 
 56  16.4341  0 
 55  16.274  0 
 54  16.1533  0 
 53  16.0688  0 
 52.1145  16  0 
 52  15.9852  0 
 51  15.8895  0 
 50  15  0 
 50  14  0 
 50  13  0 
 50  12  0 
 50  11  0 
 50  10.0125  0 
 50  10  0 
 50  9.98053  0 
 50  9  0 
 50  8.34801  0 
 49  8.48775  0 
 48.6623  8  0 
 48  7.02742  0 
 47.9785  7  0 
 47.4895  6  0 
 47  5.53243  0 
 46.6093  5  0 

 53.3907  95  0 
 53  94.4676  0 
 52.5105  94  0 
 52.0215  93  0 
 52  92.9726  0 
 51.3377  92  0 
 51  91.5123  0 
 50  91  0 
 50  90.7346  0 
 50  90  0 
 50  89.4715  0 
 50  89  0 
 50  88.4779  0 
 50  88  0 
 50  87.6062  0 
 50  87  0 
 50  86.0072  0 
 50  86  0 
 50  85.9931  0 
 50  85  0 
 51  84.1105  0 
 52  84.0148  0 
 52.1145  84  0 
 53  83.9312  0 
 54  83.8467  0 
 55  83.726  0 
 56  83.5659  0 
 57  83.3672  0 
 58  83.1225  0 
 58.3943  83  0 
 59  82.8476  0 
 60  82.5586  0 
 61  82.2263  0 
 61.5581  82  0 
 62  81.8473  0 
 63  81.4564  0 
 63.9897  81  0 
 64  80.9957  0 
 65  80.5319  0 
 65.9839  80  0 
 66  79.992  0 
 67  79.4466  0 
 67.7006  79  0 
 68  78.8242  0 
 69  78.1729  0 
 69.2308  78  0 
 70  77.4692  0 
 70.5969  77  0 
 71  76.699  0 
 71.8378  76  0 
 72  75.8687  0 
 72.9725  75  0 
 73  74.9758  0 
 74  74.0148  0 
 74.0142  74  0 
 74.973  73  0 
 75  72.9718  0 
 75.8607  72  0 
 76  71.84  0 
 76.6863  71  0 
 77  70.6025  0 
 77.4543  70  0 
 78  69.2308  0 
 78.1611  69  0 
 78.8117  68  0 
 79  67.7006  0 
 79.4299  67  0 
 79.983  66  0 
 80  65.9688  0 
 80.5144  65  0 
 80.986  64  0 
 81  63.9696  0 
 81.439  63  0 
 81.8343  62  0 
 82  61.5581  0 
 82.2134  61  0 
 82.5438  60  0 
 82.8352  59  0 
 83  58.3851  0 
 83.1075  58  0 
 83.3436  57  0 
 83.5384  56  0 
 83.7036  55  0 
 83.8425  54  0 
 83.9518  53  0 
 84  52.3947  0 
 84.0328  52  0 
 84.0788  51  0 
 84.0918  50  0 
 84.0788  49  0 
 84.0328  48  0 
 84  47.6053  0 
 83.9518  47  0 
 83.8425  46  0 
 83.7036  45  0 
 83.5384  44  0 
 83.3436  43  0 
 83.1075  42  0 
 83  41.6149  0 

 53.3907  5  0 
 53  5.53243  0 
 52.5105  6  0 
 52.0215  7  0 
 52  7.02742  0 
 51.3377  8  0 
 51  8.48775  0 
 50  8  0 
 50  7.44286  0 
 50  7  0 
 49  6.05161  0 
 48.9133  6  0 
 48.2034  5  0 

 60.1083  95  0 
 60.041  94  0 
 60  93.9911  0 
 59.9065  94  0 
 59  94.4051  0 
 58  94.7581  0 
 57  94.663  0 
 56.3505  95  0 

 60.1083  5  0 
 60.041  6  0 
 60  6.00886  0 
 59.9065  6  0 
 59  5.59485  0 
 58  5.24186  0 
 57  5.33702  0 
 56.3505  5  0 

 68.6106  95  0 
 69  94.7022  0 
 69.8653  94  0 
 70  93.8934  0 
 71  93.1297  0 
 71.1496  93  0 
 72  92.2929  0 
 72.3252  92  0 
 73  91.4099  0 
 73.4591  91  0 
 74  90.4451  0 
 74.4628  90  0 
 75  89.3558  0 
 75.3572  89  0 
 75  88.7312  0 
 74  88.9364  0 
 73.8574  89  0 
 73  89.6261  0 
 72  89.9812  0 
 71.9581  90  0 
 71  90.699  0 
 70.342  91  0 
 70  91.2522  0 
 69  91.8105  0 
 68.6012  92  0 
 68  92.4528  0 
 67  92.9998  0 
 66  93.6574  0 
 65.4054  94  0 
 65  94.306  0 
 64  94.9043  0 
 63.8403  95  0 

 68.6106  5  0 
 69  5.29781  0 
 69.8653  6  0 
 70  6.10661  0 
 71  6.87032  0 
 71.1496  7  0 
 72  7.70713  0 
 72.3252  8  0 
 73  8.59008  0 
 73.4591  9  0 
 74  9.55486  0 
 74.4628  10  0 
 75  10.6442  0 
 75.3572  11  0 
 75  11.2688  0 
 74  11.0636  0 
 73.8574  11  0 
 73  10.3739  0 
 72  10.0188  0 
 71.9581  10  0 
 71  9.30102  0 
 70.342  9  0 
 70  8.74785  0 
 69  8.1895  0 
 68.6012  8  0 
 68  7.5472  0 
 67  7.00019  0 
 66  6.34257  0 
 65.4054  6  0 
 65  5.69396  0 
 64  5.09569  0 
 63.8403  5  0 

 95  94.4481  0 
 94.442  95  0 

 95  73.9189  0 
 94.9352  74  0 
 94.1543  75  0 
 94  75.1774  0 
 93.3679  76  0 
 93  76.4184  0 
 92.5259  77  0 
 92  77.5892  0 
 91.6551  78  0 
 91  78.7252  0 
 90.7592  79  0 
 90  79.8259  0 
 89.8441  80  0 
 89  80.9074  0 
 88.9142  81  0 
 88  81.9639  0 
 87.9658  82  0 
 87.0113  83  0 
 87  83.0118  0 
 86.0504  84  0 
 86  84.0518  0 
 85.0662  85  0 
 85  85.0673  0 
 84.0438  86  0 
 84  86.044  0 
 83  86.9982  0 
 82.9981  87  0 
 82  87.9554  0 
 81.9507  88  0 
 81  88.9005  0 
 80.8879  89  0 
 80  89.8272  0 
 79.7993  90  0 
 79  90.7383  0 
 78.6895  91  0 
 78  91.6288  0 
 77.5431  92  0 
 77  92.4923  0 
 76.3579  93  0 
 76  93.3222  0 
 75.0987  94  0 
 75  94.0889  0 
 74  94.8939  0 
 73.8598  95  0 

 95  64.2162  0 
 94.4124  65  0 
 94  65.5154  0 
 93.7248  66  0 
 93.1254  67  0 
 93  67.1753  0 
 92.5332  68  0 
 92  68.7214  0 
 91.8687  69  0 
 91.366  70  0 
 91  70.5112  0 
 90.7653  71  0 
 90.1037  72  0 
 90  72.1519  0 
 89.6986  73  0 
 89  73.9507  0 
 88.9762  74  0 
 88.7938  75  0 
 89  75.3436  0 
 89.3319  75  0 
 90  74.4657  0 
 90.4449  74  0 
 91  73.4908  0 
 91.4243  73  0 
 92  72.3517  0 
 92.3095  72  0 
 93  71.2017  0 
 93.1665  71  0 
 93.9155  70  0 
 94  69.8973  0 
 94.7273  69  0 
 95  68.6629  0 

 95  56.6047  0 
 94.9256  57  0 
 95  57.5176  0 

 95  51.5233  0 
 94  51.6005  0 
 93.1117  52  0 
 93.1883  53  0 
 94  53.8037  0 
 94.8541  54  0 
 95  54.124  0 

 95  45.876  0 
 94.8541  46  0 
 94  46.1963  0 
 93.1883  47  0 
 93.1117  48  0 
 94  48.3995  0 
 95  48.4767  0 

 95  42.4824  0 
 94.9256  43  0 
 95  43.3953  0 

 95  31.3371  0 
 94.7273  31  0 
 94  30.1027  0 
 93.9155  30  0 
 93.1665  29  0 
 93  28.7983  0 
 92.3095  28  0 
 92  27.6483  0 
 91.4243  27  0 
 91  26.5092  0 
 90.4449  26  0 
 90  25.5343  0 
 89.3319  25  0 
 89  24.6564  0 
 88.7938  25  0 
 88.9762  26  0 
 89  26.0493  0 
 89.6986  27  0 
 90  27.8481  0 
 90.1037  28  0 
 90.7653  29  0 
 91  29.4888  0 
 91.366  30  0 
 91.8687  31  0 
 92  31.2786  0 
 92.5332  32  0 
 93  32.8247  0 
 93.1254  33  0 
 93.7248  34  0 
 94  34.4846  0 
 94.4124  35  0 
 95  35.7838  0 

 95  26.0811  0 
 94.9352  26  0 
 94.1543  25  0 
 94  24.8226  0 
 93.3679  24  0 
 93  23.5816  0 
 92.5259  23  0 
 92  22.4108  0 
 91.6551  22  0 
 91  21.2748  0 
 90.7592  21  0 
 90  20.1741  0 
 89.8441  20  0 
 89  19.0926  0 
 88.9142  19  0 
 88  18.0361  0 
 87.9658  18  0 
 87.0113  17  0 
 87  16.9882  0 
 86.0504  16  0 
 86  15.9482  0 
 85.0662  15  0 
 85  14.9327  0 
 84.0438  14  0 
 84  13.956  0 
 83  13.0018  0 
 82.9981  13  0 
 82  12.0446  0 
 81.9507  12  0 
 81  11.0995  0 
 80.8879  11  0 
 80  10.1728  0 
 79.7993  10  0 
 79  9.26173  0 
 78.6895  9  0 
 78  8.37121  0 
 77.5431  8  0 
 77  7.50768  0 
 76.3579  7  0 
 76  6.67779  0 
 75.0987  6  0 
 75  5.91111  0 
 74  5.10605  0 
 73.8598  5  0 

 95  5.25  0 
 94.8571  5  0 


# Contour 16, label:    -0.05
 33.2231  45 -0.05 
 33.5121  44 -0.05 
 33.8897  43 -0.05 
 34  42.7469 -0.05 
 34.3016  42 -0.05 
 34.7907  41 -0.05 
 35  40.6205 -0.05 
 35.3394  40 -0.05 
 35.9815  39 -0.05 
 36  38.971 -0.05 
 36.6508  38 -0.05 
 37  37.5112 -0.05 
 37.4067  37 -0.05 
 38  36.2418 -0.05 
 38.2218  36 -0.05 
 39  35.0587 -0.05 
 39.0589  35 -0.05 
 39.8296  34 -0.05 
 40  33.6563 -0.05 
 40.4076  33 -0.05 
 40.4512  32 -0.05 

 40.4512  32 -0.05 
 40  31.6441 -0.05 
 39  31.4735 -0.05 
 38  31.6217 -0.05 
 37  31.9284 -0.05 
 36.8498  32 -0.05 
 36  32.4092 -0.05 
 35  32.9741 -0.05 
 34.9639  33 -0.05 
 34  33.6889 -0.05 
 33.6264  34 -0.05 
 33  34.5208 -0.05 
 32.5045  35 -0.05 
 32  35.4889 -0.05 
 31.5466  36 -0.05 
 31  36.6234 -0.05 
 30.7134  37 -0.05 
 30  37.959 -0.05 
 29.9732  38 -0.05 
 29.3572  39 -0.05 
 29  39.5995 -0.05 
 28.7905  40 -0.05 
 28.3077  41 -0.05 
 28  41.677 -0.05 
 27.8694  42 -0.05 
 27.5117  43 -0.05 
 27.1945  44 -0.05 
 27  44.6916 -0.05 
 26.9221  45 -0.05 
 26.7163  46 -0.05 
 26.5561  47 -0.05 
 26.44  48 -0.05 
 26.3694  49 -0.05 
 26.3457  50 -0.05 
 26.3694  51 -0.05 
 26.44  52 -0.05 
 26.5561  53 -0.05 
 26.7163  54 -0.05 
 26.9221  55 -0.05 
 27  55.3084 -0.05 
 27.1945  56 -0.05 
 27.5117  57 -0.05 
 27.8694  58 -0.05 
 28  58.323 -0.05 
 28.3077  59 -0.05 
 28.7905  60 -0.05 
 29  60.4005 -0.05 
 29.3572  61 -0.05 
 29.9732  62 -0.05 
 30  62.041 -0.05 
 30.7134  63 -0.05 
 31  63.3766 -0.05 
 31.5466  64 -0.05 
 32  64.5111 -0.05 
 32.5045  65 -0.05 
 33  65.4792 -0.05 
 33.6264  66 -0.05 
 34  66.3111 -0.05 
 34.9639  67 -0.05 
 35  67.0259 -0.05 
 36  67.5908 -0.05 
 36.8498  68 -0.05 
 37  68.0716 -0.05 
 38  68.3783 -0.05 
 39  68.5265 -0.05 
 40  68.3559 -0.05 
 40.4512  68 -0.05 
 40.4076  67 -0.05 
 40  66.3437 -0.05 
 39.8296  66 -0.05 
 39.0589  65 -0.05 
 39  64.9413 -0.05 
 38.2218  64 -0.05 
 38  63.7582 -0.05 
 37.4067  63 -0.05 
 37  62.4888 -0.05 
 36.6508  62 -0.05 
 36  61.029 -0.05 
 35.9815  61 -0.05 
 35.3394  60 -0.05 
 35  59.3795 -0.05 
 34.7907  59 -0.05 
 34.3016  58 -0.05 
 34  57.2531 -0.05 
 33.8897  57 -0.05 
 33.5121  56 -0.05 
 33.2231  55 -0.05 
 33.0012  54 -0.05 
 33  53.993 -0.05 
 32.7927  53 -0.05 
 32.6513  52 -0.05 
 32.5676  51 -0.05 
 32.5396  50 -0.05 
 32.5676  49 -0.05 
 32.6513  48 -0.05 
 32.7927  47 -0.05 
 33  46.007 -0.05 
 33.0012  46 -0.05 
 33.2231  45 -0.05 

 49.0254  45 -0.05 
 49  44.9623 -0.05 
 48  44.5018 -0.05 
 47  44.6559 -0.05 
 46.387  45 -0.05 
 46  45.1706 -0.05 
 45.0823  46 -0.05 
 45  46.0843 -0.05 
 44.3516  47 -0.05 
 44  47.7969 -0.05 
 43.9136  48 -0.05 
 43.6451  49 -0.05 
 43.5611  50 -0.05 
 43.6451  51 -0.05 
 43.9136  52 -0.05 
 44  52.2031 -0.05 
 44.3516  53 -0.05 
 45  53.9157 -0.05 
 45.0823  54 -0.05 
 46  54.8294 -0.05 
 46.387  55 -0.05 
 47  55.3441 -0.05 
 48  55.4982 -0.05 
 49  55.0377 -0.05 
 49.0254  55 -0.05 
 49.561  54 -0.05 
 49.7725  53 -0.05 
 49.8626  52 -0.05 
 49.8994  51 -0.05 
 49.9093  50 -0.05 
 49.8994  49 -0.05 
 49.8626  48 -0.05 
 49.7725  47 -0.05 
 49.561  46 -0.05 
 49.0254  45 -0.05 

 65.1307  48 -0.05 
 65  47.2717 -0.05 
 64.9501  47 -0.05 
 64.6965  46 -0.05 
 64.365  45 -0.05 
 64  44.123 -0.05 
 63.9443  44 -0.05 
 63.4242  43 -0.05 
 63  42.2984 -0.05 
 62.793  42 -0.05 
 62.0313  41 -0.05 
 62  40.9613 -0.05 
 61.0813  40 -0.05 
 61  39.9178 -0.05 
 60  39.0907 -0.05 
 59.8586  39 -0.05 
 59  38.4314 -0.05 
 58.1172  38 -0.05 
 58  37.9384 -0.05 
 57  37.5934 -0.05 
 56  37.4131 -0.05 
 55  37.4366 -0.05 
 54  37.7614 -0.05 
 53.6604  38 -0.05 
 53  38.7681 -0.05 
 52.8735  39 -0.05 
 52.6155  40 -0.05 
 52.6735  41 -0.05 
 53  41.713 -0.05 
 53.1162  42 -0.05 
 53.9572  43 -0.05 
 54  43.0305 -0.05 
 54.8993  44 -0.05 
 55  44.0895 -0.05 
 55.7134  45 -0.05 
 56  45.4017 -0.05 
 56.3536  46 -0.05 
 56.8099  47 -0.05 
 57  47.6304 -0.05 
 57.1209  48 -0.05 
 57.3229  49 -0.05 
 57.3874  50 -0.05 
 57.3229  51 -0.05 
 57.1209  52 -0.05 
 57  52.3696 -0.05 
 56.8099  53 -0.05 
 56.3536  54 -0.05 
 56  54.5983 -0.05 
 55.7134  55 -0.05 
 55  55.9105 -0.05 
 54.8993  56 -0.05 
 54  56.9695 -0.05 
 53.9572  57 -0.05 
 53.1162  58 -0.05 
 53  58.287 -0.05 
 52.6735  59 -0.05 
 52.6155  60 -0.05 
 52.8735  61 -0.05 
 53  61.2319 -0.05 
 53.6604  62 -0.05 
 54  62.2386 -0.05 
 55  62.5634 -0.05 
 56  62.5869 -0.05 
 57  62.4066 -0.05 
 58  62.0616 -0.05 
 58.1172  62 -0.05 
 59  61.5686 -0.05 
 59.8586  61 -0.05 
 60  60.9093 -0.05 
 61  60.0822 -0.05 
 61.0813  60 -0.05 
 62  59.0387 -0.05 
 62.0313  59 -0.05 
 62.793  58 -0.05 
 63  57.7016 -0.05 
 63.4242  57 -0.05 
 63.9443  56 -0.05 
 64  55.877 -0.05 
 64.365  55 -0.05 
 64.6965  54 -0.05 
 64.9501  53 -0.05 
 65  52.7283 -0.05 
 65.1307  52 -0.05 
 65.2382  51 -0.05 
 65.274  50 -0.05 
 65.2382  49 -0.05 
 65.1307  48 -0.05 

 78.2981  64 -0.05 
 78.8563  63 -0.05 
 79  62.7474 -0.05 
 79.3173  62 -0.05 
 79.759  61 -0.05 
 80  60.4595 -0.05 
 80.154  60 -0.05 
 80.4734  59 -0.05 
 80.7928  58 -0.05 
 81  57.3185 -0.05 
 81.0721  57 -0.05 
 81.2743  56 -0.05 
 81.4572  55 -0.05 
 81.6146  54 -0.05 
 81.7382  53 -0.05 
 81.8279  52 -0.05 
 81.8874  51 -0.05 
 81.9096  50 -0.05 
 81.8874  49 -0.05 
 81.8279  48 -0.05 
 81.7382  47 -0.05 
 81.6146  46 -0.05 
 81.4572  45 -0.05 
 81.2743  44 -0.05 
 81.0721  43 -0.05 

 81.0721  43 -0.05 
 81  42.6815 -0.05 
 80.7928  42 -0.05 
 80.4734  41 -0.05 
 80.154  40 -0.05 
 80  39.5405 -0.05 
 79.759  39 -0.05 
 79.3173  38 -0.05 
 79  37.2526 -0.05 
 78.8563  37 -0.05 
 78.2981  36 -0.05 
 78  35.4302 -0.05 
 77.7048  35 -0.05 
 77.0776  34 -0.05 
 77  33.877 -0.05 
 76.3045  33 -0.05 
 76  32.5793 -0.05 
 75.468  32 -0.05 
 75  31.4454 -0.05 
 74.5242  31 -0.05 
 74  30.4732 -0.05 
 73.4121  30 -0.05 
 73  29.6517 -0.05 
 72.061  29 -0.05 
 72  28.9567 -0.05 
 71  28.5896 -0.05 
 70.0169  29 -0.05 
 70.4261  30 -0.05 
 70.9026  31 -0.05 
 71  31.1549 -0.05 
 71.5273  32 -0.05 
 72  32.8814 -0.05 
 72.0678  33 -0.05 
 72.6762  34 -0.05 
 73  34.6301 -0.05 
 73.2111  35 -0.05 
 73.7277  36 -0.05 
 74  36.6106 -0.05 
 74.2016  37 -0.05 
 74.6537  38 -0.05 
 75  38.9623 -0.05 
 75.0168  39 -0.05 
 75.4327  40 -0.05 
 75.7506  41 -0.05 
 76  41.9396 -0.05 
 76.0206  42 -0.05 
 76.3211  43 -0.05 
 76.5494  44 -0.05 
 76.7292  45 -0.05 
 76.8706  46 -0.05 
 76.9788  47 -0.05 
 77  47.2743 -0.05 
 77.0754  48 -0.05 
 77.134  49 -0.05 
 77.1525  50 -0.05 
 77.134  51 -0.05 
 77.0754  52 -0.05 
 77  52.7257 -0.05 
 76.9788  53 -0.05 
 76.8706  54 -0.05 
 76.7292  55 -0.05 
 76.5494  56 -0.05 
 76.3211  57 -0.05 
 76.0206  58 -0.05 
 76  58.0604 -0.05 
 75.7506  59 -0.05 
 75.4327  60 -0.05 
 75.0168  61 -0.05 
 75  61.0377 -0.05 
 74.6537  62 -0.05 
 74.2016  63 -0.05 
 74  63.3894 -0.05 
 73.7277  64 -0.05 
 73.2111  65 -0.05 
 73  65.3699 -0.05 
 72.6762  66 -0.05 
 72.0678  67 -0.05 
 72  67.1186 -0.05 
 71.5273  68 -0.05 
 71  68.8451 -0.05 
 70.9026  69 -0.05 
 70.4261  70 -0.05 
 70.0169  71 -0.05 
 71  71.4104 -0.05 
 72  71.0433 -0.05 
 72.061  71 -0.05 
 73  70.3483 -0.05 
 73.4121  70 -0.05 
 74  69.5268 -0.05 
 74.5242  69 -0.05 
 75  68.5546 -0.05 
 75.468  68 -0.05 
 76  67.4207 -0.05 
 76.3045  67 -0.05 
 77  66.123 -0.05 
 77.0776  66 -0.05 
 77.7048  65 -0.05 
 78  64.5698 -0.05 
 78.2981  64 -0.05 


# Contour 17, label:     -0.1
 31.1451  43 -0.1 
 31  42.4839 -0.1 
 30.6552  43 -0.1 
 30  43.5274 -0.1 
 29.8217  44 -0.1 
 29.4396  45 -0.1 
 29  45.9552 -0.1 
 28.9901  46 -0.1 
 28.8197  47 -0.1 
 28.6862  48 -0.1 
 28.5965  49 -0.1 
 28.5637  50 -0.1 
 28.5965  51 -0.1 
 28.6862  52 -0.1 
 28.8197  53 -0.1 
 28.9901  54 -0.1 
 29  54.0448 -0.1 
 29.4396  55 -0.1 
 29.8217  56 -0.1 
 30  56.4726 -0.1 
 30.6552  57 -0.1 
 31  57.5161 -0.1 
 31.1451  57 -0.1 
 31.1465  56 -0.1 
 31.0784  55 -0.1 
 31.0019  54 -0.1 
 31  53.9756 -0.1 
 30.8305  53 -0.1 
 30.7256  52 -0.1 
 30.6665  51 -0.1 
 30.6472  50 -0.1 
 30.6665  49 -0.1 
 30.7256  48 -0.1 
 30.8305  47 -0.1 
 31  46.0244 -0.1 
 31.0019  46 -0.1 
 31.0784  45 -0.1 
 31.1465  44 -0.1 
 31.1451  43 -0.1 

 49.1221  46 -0.1 
 49  45.7779 -0.1 
 48  45.2347 -0.1 
 47  45.3096 -0.1 
 46  45.8194 -0.1 
 45.8001  46 -0.1 
 45  46.82 -0.1 
 44.8725  47 -0.1 
 44.3362  48 -0.1 
 44.068  49 -0.1 
 44  49.844 -0.1 
 43.9845  50 -0.1 
 44  50.156 -0.1 
 44.068  51 -0.1 
 44.3362  52 -0.1 
 44.8725  53 -0.1 
 45  53.18 -0.1 
 45.8001  54 -0.1 
 46  54.1806 -0.1 
 47  54.6904 -0.1 
 48  54.7653 -0.1 
 49  54.2221 -0.1 
 49.1221  54 -0.1 
 49.5451  53 -0.1 
 49.7252  52 -0.1 
 49.7988  51 -0.1 
 49.8187  50 -0.1 
 49.7988  49 -0.1 
 49.7252  48 -0.1 
 49.5451  47 -0.1 
 49.1221  46 -0.1 

 64.1187  48 -0.1 
 64  47.4027 -0.1 
 63.9094  47 -0.1 
 63.6028  46 -0.1 
 63.2139  45 -0.1 
 63  44.5456 -0.1 
 62.6953  44 -0.1 
 62.0615  43 -0.1 
 62  42.9128 -0.1 
 61.2157  42 -0.1 
 61  41.7637 -0.1 
 60.1103  41 -0.1 
 60  40.9076 -0.1 
 59  40.3067 -0.1 
 58.2124  40 -0.1 
 58  39.9156 -0.1 
 57  39.792 -0.1 
 56.0555  40 -0.1 
 56  40.0225 -0.1 
 55.2787  41 -0.1 
 55.2987  42 -0.1 
 55.6702  43 -0.1 
 56  43.5849 -0.1 
 56.196  44 -0.1 
 56.7226  45 -0.1 
 57  45.6068 -0.1 
 57.1728  46 -0.1 
 57.5435  47 -0.1 
 57.7841  48 -0.1 
 57.9185  49 -0.1 
 57.9616  50 -0.1 
 57.9185  51 -0.1 
 57.7841  52 -0.1 
 57.5435  53 -0.1 
 57.1728  54 -0.1 
 57  54.3932 -0.1 
 56.7226  55 -0.1 
 56.196  56 -0.1 
 56  56.4151 -0.1 
 55.6702  57 -0.1 
 55.2987  58 -0.1 
 55.2787  59 -0.1 
 56  59.9775 -0.1 
 56.0555  60 -0.1 
 57  60.208 -0.1 
 58  60.0844 -0.1 
 58.2124  60 -0.1 
 59  59.6933 -0.1 
 60  59.0924 -0.1 
 60.1103  59 -0.1 
 61  58.2363 -0.1 
 61.2157  58 -0.1 
 62  57.0872 -0.1 
 62.0615  57 -0.1 
 62.6953  56 -0.1 
 63  55.4544 -0.1 
 63.2139  55 -0.1 
 63.6028  54 -0.1 
 63.9094  53 -0.1 
 64  52.5973 -0.1 
 64.1187  52 -0.1 
 64.2383  51 -0.1 
 64.2781  50 -0.1 
 64.2383  49 -0.1 
 64.1187  48 -0.1 


# Contour 18, label:    -0.15
 49.3176  47 -0.15 
 49  46.3408 -0.15 
 48.3836  46 -0.15 
 48  45.7627 -0.15 
 47  45.8403 -0.15 
 46.7056  46 -0.15 
 46  46.3594 -0.15 
 45.37  47 -0.15 
 45  47.5432 -0.15 
 44.7422  48 -0.15 
 44.411  49 -0.15 
 44.3113  50 -0.15 
 44.411  51 -0.15 
 44.7422  52 -0.15 
 45  52.4568 -0.15 
 45.37  53 -0.15 
 46  53.6406 -0.15 
 46.7056  54 -0.15 
 47  54.1597 -0.15 
 48  54.2373 -0.15 
 48.3836  54 -0.15 
 49  53.6592 -0.15 
 49.3176  53 -0.15 
 49.5878  52 -0.15 
 49.6981  51 -0.15 
 49.728  50 -0.15 
 49.6981  49 -0.15 
 49.5878  48 -0.15 
 49.3176  47 -0.15 

 63.1171  49 -0.15 
 63  48.1193 -0.15 
 62.9788  48 -0.15 
 62.6912  47 -0.15 
 62.3135  46 -0.15 
 62  45.3241 -0.15 
 61.7859  45 -0.15 
 61.0712  44 -0.15 
 61  43.9096 -0.15 
 60  43.037 -0.15 
 59.9046  43 -0.15 
 59  42.6411 -0.15 
 58  42.9426 -0.15 
 57.9634  43 -0.15 
 57.8442  44 -0.15 
 57.9844  45 -0.15 
 58  45.0636 -0.15 
 58.2637  46 -0.15 
 58.4971  47 -0.15 
 58.6624  48 -0.15 
 58.761  49 -0.15 
 58.7939  50 -0.15 
 58.761  51 -0.15 
 58.6624  52 -0.15 
 58.4971  53 -0.15 
 58.2637  54 -0.15 
 58  54.9364 -0.15 
 57.9844  55 -0.15 
 57.8442  56 -0.15 
 57.9634  57 -0.15 
 58  57.0574 -0.15 
 59  57.3589 -0.15 
 59.9046  57 -0.15 
 60  56.963 -0.15 
 61  56.0904 -0.15 
 61.0712  56 -0.15 
 61.7859  55 -0.15 
 62  54.6759 -0.15 
 62.3135  54 -0.15 
 62.6912  53 -0.15 
 62.9788  52 -0.15 
 63  51.8807 -0.15 
 63.1171  51 -0.15 
 63.1614  50 -0.15 
 63.1171  49 -0.15 


# Contour 19, label:     -0.2
 49.0902  47 -0.2 
 49  46.8129 -0.2 
 48  46.1834 -0.2 
 47  46.2575 -0.2 
 46  46.8576 -0.2 
 45.8599  47 -0.2 
 45.1268  48 -0.2 
 45  48.3372 -0.2 
 44.754  49 -0.2 
 44.6344  50 -0.2 
 44.754  51 -0.2 
 45  51.6628 -0.2 
 45.1268  52 -0.2 
 45.8599  53 -0.2 
 46  53.1424 -0.2 
 47  53.7425 -0.2 
 48  53.8166 -0.2 
 49  53.1871 -0.2 
 49.0902  53 -0.2 
 49.4503  52 -0.2 
 49.5975  51 -0.2 
 49.6373  50 -0.2 
 49.5975  49 -0.2 
 49.4503  48 -0.2 
 49.0902  47 -0.2 

 61.0896  49 -0.2 
 61  48.6107 -0.2 
 60.8053  49 -0.2 
 60.6922  50 -0.2 
 60.8053  51 -0.2 
 61  51.3893 -0.2 
 61.0896  51 -0.2 
 61.169  50 -0.2 
 61.0896  49 -0.2 


# Contour 20, label:    -0.25
 49.3129  48 -0.25 
 49  47.2095 -0.25 
 48.7063  47 -0.25 
 48  46.5164 -0.25 
 47  46.6258 -0.25 
 46.4128  47 -0.25 
 46  47.3205 -0.25 
 45.4741  48 -0.25 
 45.0776  49 -0.25 
 45  49.6828 -0.25 
 44.9576  50 -0.25 
 45  50.3172 -0.25 
 45.0776  51 -0.25 
 45.4741  52 -0.25 
 46  52.6795 -0.25 
 46.4128  53 -0.25 
 47  53.3742 -0.25 
 48  53.4836 -0.25 
 48.7063  53 -0.25 
 49  52.7905 -0.25 
 49.3129  52 -0.25 
 49.4969  51 -0.25 
 49.5466  50 -0.25 
 49.4969  49 -0.25 
 49.3129  48 -0.25 


# Contour 21, label:     -0.3
 49.1755  48 -0.3 
 49  47.5566 -0.3 
 48.2199  47 -0.3 
 48  46.8495 -0.3 
 47  46.9942 -0.3 
 46.9908  47 -0.3 
 46  47.7694 -0.3 
 45.8215  48 -0.3 
 45.3521  49 -0.3 
 45.2194  50 -0.3 
 45.3521  51 -0.3 
 45.8215  52 -0.3 
 46  52.2306 -0.3 
 46.9908  53 -0.3 
 47  53.0058 -0.3 
 48  53.1505 -0.3 
 48.2199  53 -0.3 
 49  52.4434 -0.3 
 49.1755  52 -0.3 
 49.3963  51 -0.3 
 49.456  50 -0.3 
 49.3963  49 -0.3 
 49.1755  48 -0.3 


# Contour 22, label:    -0.35
 49.0381  48 -0.35 
 49  47.9038 -0.35 
 48  47.1397 -0.35 
 47  47.2982 -0.35 
 46.1735  48 -0.35 
 46  48.2633 -0.35 
 45.6266  49 -0.35 
 45.472  50 -0.35 
 45.6266  51 -0.35 
 46  51.7367 -0.35 
 46.1735  52 -0.35 
 47  52.7018 -0.35 
 48  52.8603 -0.35 
 49  52.0962 -0.35 
 49.0381  52 -0.35 
 49.2957  51 -0.35 
 49.3653  50 -0.35 
 49.2957  49 -0.35 
 49.0381  48 -0.35 


# Contour 23, label:     -0.4
 49.195  49 -0.4 
 49  48.2716 -0.4 
 48.7667  48 -0.4 
 48  47.3946 -0.4 
 47  47.6013 -0.4 
 46.5304  48 -0.4 
 46  48.8048 -0.4 
 45.9011  49 -0.4 
 45.7246  50 -0.4 
 45.9011  51 -0.4 
 46  51.1952 -0.4 
 46.5304  52 -0.4 
 47  52.3987 -0.4 
 48  52.6054 -0.4 
 48.7667  52 -0.4 
 49  51.7284 -0.4 
 49.195  51 -0.4 
 49.2746  50 -0.4 
 49.195  49 -0.4 


# Contour 24, label:    -0.45
 49.0944  49 -0.45 
 49  48.6474 -0.45 
 48.4439  48 -0.45 
 48  47.6495 -0.45 
 47  47.9043 -0.45 
 46.8873  48 -0.45 
 46.1658  49 -0.45 
 46  49.8762 -0.45 
 45.9772  50 -0.45 
 46  50.1238 -0.45 
 46.1658  51 -0.45 
 46.8873  52 -0.45 
 47  52.0957 -0.45 
 48  52.3505 -0.45 
 48.4439  52 -0.45 
 49  51.3526 -0.45 
 49.0944  51 -0.45 
 49.1839  50 -0.45 
 49.0944  49 -0.45 


# Contour 25, label:     -0.5
 49.0933  50 -0.5 
 49  49.0565 -0.5 
 48.9846  49 -0.5 
 48.121  48 -0.5 
 48  47.9044 -0.5 
 47.646  48 -0.5 
 47  48.2358 -0.5 
 46.425  49 -0.5 
 46.2113  50 -0.5 
 46.425  51 -0.5 
 47  51.7642 -0.5 
 47.646  52 -0.5 
 48  52.0956 -0.5 
 48.121  52 -0.5 
 48.9846  51 -0.5 
 49  50.9435 -0.5 
 49.0933  50 -0.5 


# Contour 26, label:    -0.55
 49.0026  50 -0.55 
 49  49.9738 -0.55 
 48.7355  49 -0.55 
 48  48.1747 -0.55 
 47  48.5804 -0.55 
 46.6843  49 -0.55 
 46.4436  50 -0.55 
 46.6843  51 -0.55 
 47  51.4196 -0.55 
 48  51.8253 -0.55 
 48.7355  51 -0.55 
 49  50.0262 -0.55 
 49.0026  50 -0.55 


# Contour 27, label:     -0.6
 48.4864  49 -0.6 
 48  48.4542 -0.6 
 47  48.9249 -0.6 
 46.9435  49 -0.6 
 46.6759  50 -0.6 
 46.9435  51 -0.6 
 47  51.0751 -0.6 
 48  51.5458 -0.6 
 48.4864  51 -0.6 
 48.7787  50 -0.6 
 48.4864  49 -0.6 


# Contour 28, label:    -0.65
 48.2373  49 -0.65 
 48  48.7338 -0.65 
 47.4509  49 -0.65 
 47  49.6644 -0.65 
 46.9082  50 -0.65 
 47  50.3356 -0.65 
 47.4509  51 -0.65 
 48  51.2662 -0.65 
 48.2373  51 -0.65 
 48.551  50 -0.65 
 48.2373  49 -0.65 


# Contour 29, label:     -0.7
 48.3232  50 -0.7 
 48  49.0325 -0.7 
 47.2989  50 -0.7 
 48  50.9675 -0.7 
 48.3232  50 -0.7 


# Contour 30, label:    -0.75
 48.0955  50 -0.75 
 48  49.7142 -0.75 
 47.7929  50 -0.75 
 48  50.2858 -0.75 
 48.0955  50 -0.75 

