0 1.05879e-17
1 -0.001929
2 -0.00378213
3 -0.00617248
4 -0.00599524
5 -0.00402549
6 0.0016544
7 0.0062972
8 0.00941089
9 0.0100365
10 0.0108484
11 0.0124605
12 0.0107176
13 0.00742649
14 0.00233685
15 -0.000374156
16 -0.00620733
17 -0.0100104
18 -0.0137691
19 -0.0149043
20 -0.0150882
21 -0.013899
22 -0.00869485
23 -0.00490964
24 0.00332355
25 0.00734841
26 0.0162674
27 0.0182318
28 0.0223803
29 0.0210175
30 0.0196395
31 0.0134255
32 0.00525173
33 -0.00237757
34 -0.0144553
35 -0.0216536
36 -0.0336539
37 -0.0347467
38 -0.0416387
39 -0.0351021
40 -0.0319685
41 -0.0160457
42 -0.00114468
43 0.0223319
44 0.0519288
45 0.0847805
46 0.139592
47 0.213124
48 0.34835
49 0.315653
50 2.71051e-16
51 -0.315653
52 -0.34835
53 -0.213124
54 -0.139592
55 -0.0847805
56 -0.0519288
57 -0.0223319
58 0.00114468
59 0.0160457
60 0.0319685
61 0.0351021
62 0.0416387
63 0.0347467
64 0.0336539
65 0.0216536
66 0.0144553
67 0.00237757
68 -0.00525173
69 -0.0134255
70 -0.0196395
71 -0.0210175
72 -0.0223803
73 -0.0182318
74 -0.0162674
75 -0.00734841
76 -0.00332355
77 0.00490964
78 0.00869485
79 0.013899
80 0.0150882
81 0.0149043
82 0.0137691
83 0.0100104
84 0.00620733
85 0.000374156
86 -0.00233685
87 -0.00742649
88 -0.0107176
89 -0.0124605
90 -0.0108484
91 -0.0100365
92 -0.00941089
93 -0.0062972
94 -0.0016544
95 0.00402549
96 0.00599524
97 0.00617248
98 0.00378213
99 0.001929
