0 534.169
1 534.959
2 535.633
3 536.272
4 537.8
5 538.697
6 539.981
7 541.017
8 541.095
9 541.775
10 542.296
11 543.668
12 545.21
13 547.15
14 547.524
15 548.622
16 550.866
17 552.128
18 551.91
19 553.197
20 554.19
21 553.943
22 554.6
23 555.499
24 556.546
25 557.836
26 559.457
27 559.836
28 561.78
29 563.307
30 564.203
31 565.11
32 565.785
33 566.794
34 567.9
35 569.666
36 570.63
37 572.173
38 574.091
39 573.997
40 575.319
41 576.922
42 577.657
43 577.579
44 578.256
45 578.882
46 579.029
47 581.43
48 582.277
49 583.573
50 584.24
51 584.679
52 585.113
53 586.328
54 587.344
55 587.902
56 588.841
57 590.093
58 591.382
59 590.549
60 592.32
61 593.384
62 594.691
63 595.366
64 596.679
65 598.531
66 599.804
67 599.815
68 601.216
69 603.611
70 605.307
71 606.519
72 607.279
73 608.531
74 610.472
75 611.621
76 612.99
77 613.588
78 614.845
79 615.359
80 617.683
81 619.559
82 620.521
83 622.592
84 623.408
85 624.197
86 624.631
87 625.921
88 627.027
89 627.013
90 627.793
91 629.204
92 629.293
93 631.074
94 631.05
95 631.571
96 634.341
97 635.486
98 635.658
99 636.342
100 636.991
101 638.843
102 640.403
103 641.454
104 642.396
105 642.967
106 643.4
107 643.951
108 644.957
109 645.624
110 646.089
111 647.697
112 647.158
113 646.604
114 649.452
115 651.469
116 652.491
117 653.086
118 653.24
119 654.751
120 655.335
121 656.086
122 656.512
123 657.904
124 659.509
125 660.841
126 661.729
127 661.559
128 662.29
129 663.014
130 663.142
131 663.809
132 664.007
133 664.781
134 665.41
135 666.319
136 666.947
137 667.978
138 669.888
139 671.841
140 672.564
141 673.495
142 672.578
143 673.492
144 674.335
145 675.739
146 677.212
147 677.611
148 678.031
149 677.969
150 679.213
151 679.8
152 681.474
153 682.468
154 682.037
155 682.776
156 683.467
157 685.939
158 687.442
159 688.743
160 688.982
161 689.033
162 690.723
163 692.352
164 696.208
165 697.89
166 698.271
167 699.84
168 700.153
169 700.4
170 700.813
171 702.194
172 703.66
173 704.045
174 704.634
175 706.207
176 707.291
177 707.572
178 708.165
179 709.987
180 711.483
181 712.476
182 713.991
183 714.945
184 716.203
185 717.882
186 719.354
187 720.163
188 721.317
189 722.103
190 723.219
191 723.823
192 726.547
193 727.301
194 728.451
195 729.769
196 730.775
197 732.244
198 733.089
199 733.784
200 735.378
201 735.807
202 736.695
203 737.151
204 738.503
205 741.223
206 741.87
207 742.319
208 743.608
209 744.077
210 744.687
211 744.724
212 746.282
213 747.908
214 749.428
215 750.799
216 751.557
217 751.689
218 754.673
219 756.603
220 757.965
221 758.165
222 759.67
223 760.403
224 760.174
225 762.164
226 764.556
227 766.396
228 767.493
229 767.174
230 766.818
231 768.938
232 769.33
233 769.851
234 771.462
235 772.849
236 774.124
237 775.248
238 776.635
239 778.025
240 779.543
241 778.256
242 778.869
243 779.439
244 779.499
245 781.029
246 781.698
247 783.618
248 785.874
249 787.187
250 788.714
251 789.288
252 790.17
253 790.347
254 791.249
255 793.136
256 793.765
257 795.938
258 797.59
259 798.8
260 798.88
261 799.417
262 800.949
263 802.183
264 802.685
265 803.839
266 804.73
267 804.968
268 807.073
269 809.318
270 810.026
271 810.635
272 811.116
273 812.808
274 813.835
275 812.455
276 813.72
277 814.578
278 815.166
279 817.123
280 818.691
281 820.848
282 822.163
283 822.93
284 822.861
285 823.549
286 824.71
287 825.556
288 825.853
289 825.682
290 826.77
291 828.555
292 829.525
293 830.958
294 830.305
295 830.952
296 831.103
297 833.268
298 834.675
299 836.002
300 835.747
301 836.501
302 837.996
303 839.885
304 839.545
305 840.852
306 842.151
307 843.812
308 844.085
309 845.29
310 847.087
311 849.09
312 849.975
313 850.606
314 851.127
315 851.664
316 851.766
317 852.096
318 853.758
319 855.009
320 855.719
321 857.115
322 858.056
323 858.579
324 859.446
325 861.096
326 861.79
327 862.155
328 863.931
329 865.227
330 867.61
331 869.438
332 869.276
333 869.533
334 870.02
335 870.86
336 872.03
337 872.094
338 872.224
339 872.946
340 875.774
341 876.964
342 878.303
343 879.698
344 880.96
345 880.968
346 882.41
347 882.929
348 884.391
349 885.086
