0 0.265824
0.0634665 0.263294
0.126933 0.263748
0.1904 0.270534
0.253866 0.283375
0.317333 0.283078
0.380799 0.291467
0.444266 0.30724
0.507732 0.31326
0.571199 0.304828
0.634665 0.293742
0.698132 0.288904
0.761598 0.305371
0.825065 0.294207
0.888531 0.289318
0.951998 0.293841
1.01546 0.303405
1.07893 0.308575
1.1424 0.306471
1.20586 0.294198
1.26933 0.278937
1.3328 0.279322
1.39626 0.268443
1.45973 0.263217
1.5232 0.264515
1.58666 0.265892
1.65013 0.263693
1.7136 0.265258
1.77706 0.273127
1.84053 0.278155
1.904 0.288275
1.96746 0.291886
2.03093 0.301238
2.0944 0.305179
2.15786 0.296531
2.22133 0.287535
2.28479 0.297106
2.34826 0.298306
2.41173 0.29293
2.47519 0.288686
2.53866 0.293595
2.60213 0.298484
2.66559 0.300915
2.72906 0.298118
2.79253 0.29679
2.85599 0.27858
2.91946 0.276752
2.98293 0.267365
3.04639 0.263894
3.10986 0.26558
3.17333 0.26558
3.23679 0.263894
3.30026 0.267365
3.36373 0.276752
3.42719 0.27858
3.49066 0.29679
3.55413 0.298118
3.61759 0.300915
3.68106 0.298484
3.74452 0.293595
3.80799 0.288686
3.87146 0.29293
3.93492 0.298306
3.99839 0.297106
4.06186 0.287535
4.12532 0.296531
4.18879 0.305179
4.25226 0.301238
4.31572 0.291886
4.37919 0.288275
4.44266 0.278155
4.50612 0.273127
4.56959 0.265258
4.63306 0.263693
4.69652 0.265892
4.75999 0.264515
4.82346 0.263217
4.88692 0.268443
4.95039 0.279322
5.01385 0.278937
5.07732 0.294198
5.14079 0.306471
5.20425 0.308575
5.26772 0.303405
5.33119 0.293841
5.39465 0.289318
5.45812 0.294207
5.52159 0.305371
5.58505 0.288904
5.64852 0.293742
5.71199 0.304828
5.77545 0.31326
5.83892 0.30724
5.90239 0.291467
5.96585 0.283078
6.02932 0.283375
6.09279 0.270534
6.15625 0.263748
6.21972 0.263294
6.28319 0.265824
