0 -5.0822e-17
1 -0.0259289
2 -0.0364656
3 -0.0187522
4 0.0152244
5 0.0547812
6 0.0743564
7 0.0822934
8 0.0794356
9 0.0739028
10 0.0503087
11 0.0130307
12 -0.0239485
13 -0.0566662
14 -0.0842284
15 -0.10567
16 -0.103326
17 -0.0896315
18 -0.0597943
19 -0.021219
20 0.0272322
21 0.0733103
22 0.109364
23 0.132335
24 0.137022
25 0.121539
26 0.081138
27 0.0304375
28 -0.0323562
29 -0.0957329
30 -0.151577
31 -0.187265
32 -0.199152
33 -0.183045
34 -0.13447
35 -0.059394
36 0.0358813
37 0.137483
38 0.238349
39 0.318144
40 0.367969
41 0.372448
42 0.328069
43 0.223844
44 0.0609441
45 -0.168178
46 -0.476317
47 -0.893861
48 -1.32805
49 -1.17382
50 0
51 1.17382
52 1.32805
53 0.893861
54 0.476317
55 0.168178
56 -0.0609441
57 -0.223844
58 -0.328069
59 -0.372448
60 -0.367969
61 -0.318144
62 -0.238349
63 -0.137483
64 -0.0358813
65 0.059394
66 0.13447
67 0.183045
68 0.199152
69 0.187265
70 0.151577
71 0.0957329
72 0.0323562
73 -0.0304375
74 -0.081138
75 -0.121539
76 -0.137022
77 -0.132335
78 -0.109364
79 -0.0733103
80 -0.0272322
81 0.021219
82 0.0597943
83 0.0896315
84 0.103326
85 0.10567
86 0.0842284
87 0.0566662
88 0.0239485
89 -0.0130307
90 -0.0503087
91 -0.0739028
92 -0.0794356
93 -0.0822934
94 -0.0743564
95 -0.0547812
96 -0.0152244
97 0.0187522
98 0.0364656
99 0.0259289
