0 0.265824
0.0634665 0.263668
0.126933 0.261068
0.1904 0.252691
0.253866 0.248393
0.317333 0.234752
0.380799 0.224125
0.444266 0.212748
0.507732 0.198142
0.571199 0.180578
0.634665 0.163025
0.698132 0.142543
0.761598 0.127363
0.825065 0.108217
0.888531 0.0930586
0.951998 0.0777637
1.01546 0.0632185
1.07893 0.0498814
1.1424 0.0384079
1.20586 0.0282607
1.26933 0.0191988
1.3328 0.0121853
1.39626 0.00653246
1.45973 0.00288867
1.5232 0.000931195
1.58666 0.000298597
1.65013 0.00171706
1.7136 0.00455071
1.77706 0.00903458
1.84053 0.0156275
1.904 0.023535
1.96746 0.0324902
2.03093 0.0434706
2.0944 0.056348
2.15786 0.0694436
2.22133 0.0838393
2.28479 0.101747
2.34826 0.117199
2.41173 0.135211
2.47519 0.153314
2.53866 0.169952
2.60213 0.185752
2.66559 0.201735
2.72906 0.216909
2.79253 0.233218
2.85599 0.240858
2.91946 0.251033
2.98293 0.255864
3.04639 0.262282
3.10986 0.264428
3.17333 0.264428
3.23679 0.262282
3.30026 0.255864
3.36373 0.251033
3.42719 0.240858
3.49066 0.233218
3.55413 0.216909
3.61759 0.201735
3.68106 0.185752
3.74452 0.169952
3.80799 0.153314
3.87146 0.135211
3.93492 0.117199
3.99839 0.101747
4.06186 0.0838393
4.12532 0.0694436
4.18879 0.056348
4.25226 0.0434706
4.31572 0.0324902
4.37919 0.023535
4.44266 0.0156275
4.50612 0.00903458
4.56959 0.00455071
4.63306 0.00171706
4.69652 0.000298597
4.75999 0.000931195
4.82346 0.00288867
4.88692 0.00653246
4.95039 0.0121853
5.01385 0.0191988
5.07732 0.0282607
5.14079 0.0384079
5.20425 0.0498814
5.26772 0.0632185
5.33119 0.0777637
5.39465 0.0930586
5.45812 0.108217
5.52159 0.127363
5.58505 0.142543
5.64852 0.163025
5.71199 0.180578
5.77545 0.198142
5.83892 0.212748
5.90239 0.224125
5.96585 0.234752
6.02932 0.248393
6.09279 0.252691
6.15625 0.261068
6.21972 0.263668
6.28319 0.265824
