0 3.17637e-17
1 -0.0115486
2 -0.0223489
3 -0.0297693
4 -0.0295456
5 -0.018829
6 0.000385047
7 0.0214712
8 0.0380677
9 0.0486073
10 0.0546805
11 0.055895
12 0.0495494
13 0.0354712
14 0.016665
15 -0.00456195
16 -0.0269984
17 -0.047711
18 -0.0631213
19 -0.071294
20 -0.0713445
21 -0.0622927
22 -0.0442513
23 -0.019305
24 0.00976075
25 0.0400021
26 0.0679913
27 0.0893996
28 0.101178
29 0.101534
30 0.0890605
31 0.0635999
32 0.0273325
33 -0.0163415
34 -0.063619
35 -0.109411
36 -0.147871
37 -0.173638
38 -0.182585
39 -0.170809
40 -0.135889
41 -0.0771182
42 0.00499501
43 0.110321
44 0.240027
45 0.399244
46 0.594782
47 0.799829
48 0.878018
49 0.614491
50 2.5411e-16
51 -0.614491
52 -0.878018
53 -0.799829
54 -0.594782
55 -0.399244
56 -0.240027
57 -0.110321
58 -0.00499501
59 0.0771182
60 0.135889
61 0.170809
62 0.182585
63 0.173638
64 0.147871
65 0.109411
66 0.063619
67 0.0163415
68 -0.0273325
69 -0.0635999
70 -0.0890605
71 -0.101534
72 -0.101178
73 -0.0893996
74 -0.0679913
75 -0.0400021
76 -0.00976075
77 0.019305
78 0.0442513
79 0.0622927
80 0.0713445
81 0.071294
82 0.0631213
83 0.047711
84 0.0269984
85 0.00456195
86 -0.016665
87 -0.0354712
88 -0.0495494
89 -0.055895
90 -0.0546805
91 -0.0486073
92 -0.0380677
93 -0.0214712
94 -0.000385047
95 0.018829
96 0.0295456
97 0.0297693
98 0.0223489
99 0.0115486
