0 0 3.88678e-31
0.136591 0 0.0193511
0.273182 0 0.07275
0.409773 0 0.158491
0.546364 0 0.267073
0.682955 0 0.394771
0.819546 0 0.529103
0.956137 0 0.66636
1.09273 0 0.794154
1.22932 0 0.904182
1.36591 0 0.984743
1.5025 0 1.02717
1.63909 0 1.02717
1.77568 0 0.984743
1.91227 0 0.904182
2.04886 0 0.794154
2.18546 0 0.66636
2.32205 0 0.529103
2.45864 0 0.394771
2.59523 0 0.267073
2.73182 0 0.158491
2.86841 0 0.07275
3.005 0 0.0193511
3.14159 0 7.7926e-31
0 0.273182 3.88678e-31
0.136591 0.273182 0.0199964
0.273182 0.273182 0.0733792
0.409773 0.273182 0.158897
0.546364 0.273182 0.26865
0.682955 0.273182 0.397068
0.819546 0.273182 0.532758
0.956137 0.273182 0.672562
1.09273 0.273182 0.802153
1.22932 0.273182 0.912156
1.36591 0.273182 0.993798
1.5025 0.273182 1.03557
1.63909 0.273182 1.03557
1.77568 0.273182 0.993798
1.91227 0.273182 0.912156
2.04886 0.273182 0.802153
2.18546 0.273182 0.672562
2.32205 0.273182 0.532758
2.45864 0.273182 0.397068
2.59523 0.273182 0.26865
2.73182 0.273182 0.158897
2.86841 0.273182 0.0733792
3.005 0.273182 0.0199964
3.14159 0.273182 7.7926e-31
0 0.546364 3.88678e-31
0.136591 0.546364 0.0194632
0.273182 0.546364 0.0735132
0.409773 0.546364 0.160149
0.546364 0.546364 0.271132
0.682955 0.546364 0.401926
0.819546 0.546364 0.542202
0.956137 0.546364 0.684766
1.09273 0.546364 0.818739
1.22932 0.546364 0.93261
1.36591 0.546364 1.01523
1.5025 0.546364 1.06064
1.63909 0.546364 1.06064
1.77568 0.546364 1.01523
1.91227 0.546364 0.93261
2.04886 0.546364 0.818739
2.18546 0.546364 0.684766
2.32205 0.546364 0.542202
2.45864 0.546364 0.401926
2.59523 0.546364 0.271132
2.73182 0.546364 0.160149
2.86841 0.546364 0.0735132
3.005 0.546364 0.0194632
3.14159 0.546364 7.7926e-31
0 0.819546 3.88678e-31
0.136591 0.819546 0.0199715
0.273182 0.819546 0.0736499
0.409773 0.819546 0.160284
0.546364 0.819546 0.271842
0.682955 0.819546 0.404217
0.819546 0.819546 0.544977
0.956137 0.819546 0.689796
1.09273 0.819546 0.824839
1.22932 0.819546 0.941047
1.36591 0.819546 1.02439
1.5025 0.819546 1.06965
1.63909 0.819546 1.06965
1.77568 0.819546 1.02439
1.91227 0.819546 0.941047
2.04886 0.819546 0.824839
2.18546 0.819546 0.689796
2.32205 0.819546 0.544977
2.45864 0.819546 0.404217
2.59523 0.819546 0.271842
2.73182 0.819546 0.160284
2.86841 0.819546 0.0736499
3.005 0.819546 0.0199715
3.14159 0.819546 7.7926e-31
0 1.09273 3.88678e-31
0.136591 1.09273 0.0193543
0.273182 1.09273 0.0733463
0.409773 1.09273 0.159615
0.546364 1.09273 0.270508
0.682955 1.09273 0.401478
0.819546 1.09273 0.53969
0.956137 1.09273 0.681793
1.09273 1.09273 0.814443
1.22932 1.09273 0.927369
1.36591 1.09273 1.01127
1.5025 1.09273 1.05553
1.63909 1.09273 1.05553
1.77568 1.09273 1.01127
1.91227 1.09273 0.927369
2.04886 1.09273 0.814443
2.18546 1.09273 0.681793
2.32205 1.09273 0.53969
2.45864 1.09273 0.401478
2.59523 1.09273 0.270508
2.73182 1.09273 0.159615
2.86841 1.09273 0.0733463
3.005 1.09273 0.0193543
3.14159 1.09273 7.7926e-31
0 1.36591 3.88678e-31
0.136591 1.36591 0.02009
0.273182 1.36591 0.0729112
0.409773 1.36591 0.159114
0.546364 1.36591 0.26859
0.682955 1.36591 0.396494
0.819546 1.36591 0.530866
0.956137 1.36591 0.670281
1.09273 1.36591 0.799121
1.22932 1.36591 0.909479
1.36591 1.36591 0.987543
1.5025 1.36591 1.03317
1.63909 1.36591 1.03317
1.77568 1.36591 0.987543
1.91227 1.36591 0.909479
2.04886 1.36591 0.799121
2.18546 1.36591 0.670281
2.32205 1.36591 0.530866
2.45864 1.36591 0.396494
2.59523 1.36591 0.26859
2.73182 1.36591 0.159114
2.86841 1.36591 0.0729112
3.005 1.36591 0.02009
3.14159 1.36591 7.7926e-31
0 1.63909 3.88678e-31
0.136591 1.63909 0.019768
0.273182 1.63909 0.0733258
0.409773 1.63909 0.159041
0.546364 1.63909 0.267472
0.682955 1.63909 0.395049
0.819546 1.63909 0.529183
0.956137 1.63909 0.66683
1.09273 1.63909 0.794643
1.22932 1.63909 0.90449
1.36591 1.63909 0.984618
1.5025 1.63909 1.0274
1.63909 1.63909 1.0274
1.77568 1.63909 0.984618
1.91227 1.63909 0.90449
2.04886 1.63909 0.794643
2.18546 1.63909 0.66683
2.32205 1.63909 0.529183
2.45864 1.63909 0.395049
2.59523 1.63909 0.267472
2.73182 1.63909 0.159041
2.86841 1.63909 0.0733258
3.005 1.63909 0.019768
3.14159 1.63909 7.7926e-31
0 1.91227 3.88678e-31
0.136591 1.91227 0.0197351
0.273182 1.91227 0.0735247
0.409773 1.91227 0.159178
0.546364 1.91227 0.268807
0.682955 1.91227 0.39802
0.819546 1.91227 0.535428
0.956137 1.91227 0.675412
1.09273 1.91227 0.805778
1.22932 1.91227 0.917608
1.36591 1.91227 0.999843
1.5025 1.91227 1.04392
1.63909 1.91227 1.04392
1.77568 1.91227 0.999843
1.91227 1.91227 0.917608
2.04886 1.91227 0.805778
2.18546 1.91227 0.675412
2.32205 1.91227 0.535428
2.45864 1.91227 0.39802
2.59523 1.91227 0.268807
2.73182 1.91227 0.159178
2.86841 1.91227 0.0735247
3.005 1.91227 0.0197351
3.14159 1.91227 7.7926e-31
0 2.18546 3.88678e-31
0.136591 2.18546 0.0195693
0.273182 2.18546 0.0735056
0.409773 2.18546 0.16002
0.546364 2.18546 0.271162
0.682955 2.18546 0.403358
0.819546 2.18546 0.542871
0.956137 2.18546 0.687171
1.09273 2.18546 0.821814
1.22932 2.18546 0.936231
1.36591 2.18546 1.01989
1.5025 2.18546 1.06579
1.63909 2.18546 1.06579
1.77568 2.18546 1.01989
1.91227 2.18546 0.936231
2.04886 2.18546 0.821814
2.18546 2.18546 0.687171
2.32205 2.18546 0.542871
2.45864 2.18546 0.403358
2.59523 2.18546 0.271162
2.73182 2.18546 0.16002
2.86841 2.18546 0.0735056
3.005 2.18546 0.0195693
3.14159 2.18546 7.7926e-31
0 2.45864 3.88678e-31
0.136591 2.45864 0.0198374
0.273182 2.45864 0.0733384
0.409773 2.45864 0.160126
0.546364 2.45864 0.271968
0.682955 2.45864 0.404028
0.819546 2.45864 0.545259
0.956137 2.45864 0.689474
1.09273 2.45864 0.824223
1.22932 2.45864 0.938901
1.36591 2.45864 1.02316
1.5025 2.45864 1.06831
1.63909 2.45864 1.06831
1.77568 2.45864 1.02316
1.91227 2.45864 0.938901
2.04886 2.45864 0.824223
2.18546 2.45864 0.689474
2.32205 2.45864 0.545259
2.45864 2.45864 0.404028
2.59523 2.45864 0.271968
2.73182 2.45864 0.160126
2.86841 2.45864 0.0733384
3.005 2.45864 0.0198374
3.14159 2.45864 7.7926e-31
0 2.73182 3.88678e-31
0.136591 2.73182 0.0193086
0.273182 2.73182 0.0732233
0.409773 2.73182 0.159308
0.546364 2.73182 0.269474
0.682955 2.73182 0.399689
0.819546 2.73182 0.537685
0.956137 2.73182 0.678948
1.09273 2.73182 0.810543
1.22932 2.73182 0.923152
1.36591 2.73182 1.0042
1.5025 2.73182 1.04993
1.63909 2.73182 1.04993
1.77568 2.73182 1.0042
1.91227 2.73182 0.923152
2.04886 2.73182 0.810543
2.18546 2.73182 0.678948
2.32205 2.73182 0.537685
2.45864 2.73182 0.399689
2.59523 2.73182 0.269474
2.73182 2.73182 0.159308
2.86841 2.73182 0.0732233
3.005 2.73182 0.0193086
3.14159 2.73182 7.7926e-31
0 3.005 3.88678e-31
0.136591 3.005 0.0200142
0.273182 3.005 0.0733765
0.409773 3.005 0.158765
0.546364 3.005 0.267883
0.682955 3.005 0.395856
0.819546 3.005 0.529716
0.956137 3.005 0.668166
1.09273 3.005 0.796357
1.22932 3.005 0.906477
1.36591 3.005 0.985594
1.5025 3.005 1.02978
1.63909 3.005 1.02978
1.77568 3.005 0.985594
1.91227 3.005 0.906477
2.04886 3.005 0.796357
2.18546 3.005 0.668166
2.32205 3.005 0.529716
2.45864 3.005 0.395856
2.59523 3.005 0.267883
2.73182 3.005 0.158765
2.86841 3.005 0.0733765
3.005 3.005 0.0200142
3.14159 3.005 7.7926e-31
0 3.27818 3.88678e-31
0.136591 3.27818 0.0200142
0.273182 3.27818 0.0733765
0.409773 3.27818 0.158765
0.546364 3.27818 0.267883
0.682955 3.27818 0.395856
0.819546 3.27818 0.529716
0.956137 3.27818 0.668166
1.09273 3.27818 0.796357
1.22932 3.27818 0.906477
1.36591 3.27818 0.985594
1.5025 3.27818 1.02978
1.63909 3.27818 1.02978
1.77568 3.27818 0.985594
1.91227 3.27818 0.906477
2.04886 3.27818 0.796357
2.18546 3.27818 0.668166
2.32205 3.27818 0.529716
2.45864 3.27818 0.395856
2.59523 3.27818 0.267883
2.73182 3.27818 0.158765
2.86841 3.27818 0.0733765
3.005 3.27818 0.0200142
3.14159 3.27818 7.7926e-31
0 3.55137 3.88678e-31
0.136591 3.55137 0.0193086
0.273182 3.55137 0.0732233
0.409773 3.55137 0.159308
0.546364 3.55137 0.269474
0.682955 3.55137 0.399689
0.819546 3.55137 0.537685
0.956137 3.55137 0.678948
1.09273 3.55137 0.810543
1.22932 3.55137 0.923152
1.36591 3.55137 1.0042
1.5025 3.55137 1.04993
1.63909 3.55137 1.04993
1.77568 3.55137 1.0042
1.91227 3.55137 0.923152
2.04886 3.55137 0.810543
2.18546 3.55137 0.678948
2.32205 3.55137 0.537685
2.45864 3.55137 0.399689
2.59523 3.55137 0.269474
2.73182 3.55137 0.159308
2.86841 3.55137 0.0732233
3.005 3.55137 0.0193086
3.14159 3.55137 7.7926e-31
0 3.82455 3.88678e-31
0.136591 3.82455 0.0198374
0.273182 3.82455 0.0733384
0.409773 3.82455 0.160126
0.546364 3.82455 0.271968
0.682955 3.82455 0.404028
0.819546 3.82455 0.545259
0.956137 3.82455 0.689474
1.09273 3.82455 0.824223
1.22932 3.82455 0.938901
1.36591 3.82455 1.02316
1.5025 3.82455 1.06831
1.63909 3.82455 1.06831
1.77568 3.82455 1.02316
1.91227 3.82455 0.938901
2.04886 3.82455 0.824223
2.18546 3.82455 0.689474
2.32205 3.82455 0.545259
2.45864 3.82455 0.404028
2.59523 3.82455 0.271968
2.73182 3.82455 0.160126
2.86841 3.82455 0.0733384
3.005 3.82455 0.0198374
3.14159 3.82455 7.7926e-31
0 4.09773 3.88678e-31
0.136591 4.09773 0.0195693
0.273182 4.09773 0.0735056
0.409773 4.09773 0.16002
0.546364 4.09773 0.271162
0.682955 4.09773 0.403358
0.819546 4.09773 0.542871
0.956137 4.09773 0.687171
1.09273 4.09773 0.821814
1.22932 4.09773 0.936231
1.36591 4.09773 1.01989
1.5025 4.09773 1.06579
1.63909 4.09773 1.06579
1.77568 4.09773 1.01989
1.91227 4.09773 0.936231
2.04886 4.09773 0.821814
2.18546 4.09773 0.687171
2.32205 4.09773 0.542871
2.45864 4.09773 0.403358
2.59523 4.09773 0.271162
2.73182 4.09773 0.16002
2.86841 4.09773 0.0735056
3.005 4.09773 0.0195693
3.14159 4.09773 7.7926e-31
0 4.37091 3.88678e-31
0.136591 4.37091 0.0197351
0.273182 4.37091 0.0735247
0.409773 4.37091 0.159178
0.546364 4.37091 0.268807
0.682955 4.37091 0.39802
0.819546 4.37091 0.535428
0.956137 4.37091 0.675412
1.09273 4.37091 0.805778
1.22932 4.37091 0.917608
1.36591 4.37091 0.999843
1.5025 4.37091 1.04392
1.63909 4.37091 1.04392
1.77568 4.37091 0.999843
1.91227 4.37091 0.917608
2.04886 4.37091 0.805778
2.18546 4.37091 0.675412
2.32205 4.37091 0.535428
2.45864 4.37091 0.39802
2.59523 4.37091 0.268807
2.73182 4.37091 0.159178
2.86841 4.37091 0.0735247
3.005 4.37091 0.0197351
3.14159 4.37091 7.7926e-31
0 4.64409 3.88678e-31
0.136591 4.64409 0.019768
0.273182 4.64409 0.0733258
0.409773 4.64409 0.159041
0.546364 4.64409 0.267472
0.682955 4.64409 0.395049
0.819546 4.64409 0.529183
0.956137 4.64409 0.66683
1.09273 4.64409 0.794643
1.22932 4.64409 0.90449
1.36591 4.64409 0.984618
1.5025 4.64409 1.0274
1.63909 4.64409 1.0274
1.77568 4.64409 0.984618
1.91227 4.64409 0.90449
2.04886 4.64409 0.794643
2.18546 4.64409 0.66683
2.32205 4.64409 0.529183
2.45864 4.64409 0.395049
2.59523 4.64409 0.267472
2.73182 4.64409 0.159041
2.86841 4.64409 0.0733258
3.005 4.64409 0.019768
3.14159 4.64409 7.7926e-31
0 4.91728 3.88678e-31
0.136591 4.91728 0.02009
0.273182 4.91728 0.0729112
0.409773 4.91728 0.159114
0.546364 4.91728 0.26859
0.682955 4.91728 0.396494
0.819546 4.91728 0.530866
0.956137 4.91728 0.670281
1.09273 4.91728 0.799121
1.22932 4.91728 0.909479
1.36591 4.91728 0.987543
1.5025 4.91728 1.03317
1.63909 4.91728 1.03317
1.77568 4.91728 0.987543
1.91227 4.91728 0.909479
2.04886 4.91728 0.799121
2.18546 4.91728 0.670281
2.32205 4.91728 0.530866
2.45864 4.91728 0.396494
2.59523 4.91728 0.26859
2.73182 4.91728 0.159114
2.86841 4.91728 0.0729112
3.005 4.91728 0.02009
3.14159 4.91728 7.7926e-31
0 5.19046 3.88678e-31
0.136591 5.19046 0.0193543
0.273182 5.19046 0.0733463
0.409773 5.19046 0.159615
0.546364 5.19046 0.270508
0.682955 5.19046 0.401478
0.819546 5.19046 0.53969
0.956137 5.19046 0.681793
1.09273 5.19046 0.814443
1.22932 5.19046 0.927369
1.36591 5.19046 1.01127
1.5025 5.19046 1.05553
1.63909 5.19046 1.05553
1.77568 5.19046 1.01127
1.91227 5.19046 0.927369
2.04886 5.19046 0.814443
2.18546 5.19046 0.681793
2.32205 5.19046 0.53969
2.45864 5.19046 0.401478
2.59523 5.19046 0.270508
2.73182 5.19046 0.159615
2.86841 5.19046 0.0733463
3.005 5.19046 0.0193543
3.14159 5.19046 7.7926e-31
0 5.46364 3.88678e-31
0.136591 5.46364 0.0199715
0.273182 5.46364 0.0736499
0.409773 5.46364 0.160284
0.546364 5.46364 0.271842
0.682955 5.46364 0.404217
0.819546 5.46364 0.544977
0.956137 5.46364 0.689796
1.09273 5.46364 0.824839
1.22932 5.46364 0.941047
1.36591 5.46364 1.02439
1.5025 5.46364 1.06965
1.63909 5.46364 1.06965
1.77568 5.46364 1.02439
1.91227 5.46364 0.941047
2.04886 5.46364 0.824839
2.18546 5.46364 0.689796
2.32205 5.46364 0.544977
2.45864 5.46364 0.404217
2.59523 5.46364 0.271842
2.73182 5.46364 0.160284
2.86841 5.46364 0.0736499
3.005 5.46364 0.0199715
3.14159 5.46364 7.7926e-31
0 5.73682 3.88678e-31
0.136591 5.73682 0.0194632
0.273182 5.73682 0.0735132
0.409773 5.73682 0.160149
0.546364 5.73682 0.271132
0.682955 5.73682 0.401926
0.819546 5.73682 0.542202
0.956137 5.73682 0.684766
1.09273 5.73682 0.818739
1.22932 5.73682 0.93261
1.36591 5.73682 1.01523
1.5025 5.73682 1.06064
1.63909 5.73682 1.06064
1.77568 5.73682 1.01523
1.91227 5.73682 0.93261
2.04886 5.73682 0.818739
2.18546 5.73682 0.684766
2.32205 5.73682 0.542202
2.45864 5.73682 0.401926
2.59523 5.73682 0.271132
2.73182 5.73682 0.160149
2.86841 5.73682 0.0735132
3.005 5.73682 0.0194632
3.14159 5.73682 7.7926e-31
0 6.01 3.88678e-31
0.136591 6.01 0.0199964
0.273182 6.01 0.0733792
0.409773 6.01 0.158897
0.546364 6.01 0.26865
0.682955 6.01 0.397068
0.819546 6.01 0.532758
0.956137 6.01 0.672562
1.09273 6.01 0.802153
1.22932 6.01 0.912156
1.36591 6.01 0.993798
1.5025 6.01 1.03557
1.63909 6.01 1.03557
1.77568 6.01 0.993798
1.91227 6.01 0.912156
2.04886 6.01 0.802153
2.18546 6.01 0.672562
2.32205 6.01 0.532758
2.45864 6.01 0.397068
2.59523 6.01 0.26865
2.73182 6.01 0.158897
2.86841 6.01 0.0733792
3.005 6.01 0.0199964
3.14159 6.01 7.7926e-31
0 6.28319 3.88678e-31
0.136591 6.28319 0.0193511
0.273182 6.28319 0.07275
0.409773 6.28319 0.158491
0.546364 6.28319 0.267073
0.682955 6.28319 0.394771
0.819546 6.28319 0.529103
0.956137 6.28319 0.66636
1.09273 6.28319 0.794154
1.22932 6.28319 0.904182
1.36591 6.28319 0.984743
1.5025 6.28319 1.02717
1.63909 6.28319 1.02717
1.77568 6.28319 0.984743
1.91227 6.28319 0.904182
2.04886 6.28319 0.794154
2.18546 6.28319 0.66636
2.32205 6.28319 0.529103
2.45864 6.28319 0.394771
2.59523 6.28319 0.267073
2.73182 6.28319 0.158491
2.86841 6.28319 0.07275
3.005 6.28319 0.0193511
3.14159 6.28319 7.7926e-31
