0 15.4224
0.0634665 15.4267
0.126933 15.3899
0.1904 15.3671
0.253866 15.4977
0.317333 15.5493
0.380799 15.6823
0.444266 15.8995
0.507732 16.1509
0.571199 16.2549
0.634665 16.5962
0.698132 16.6445
0.761598 16.7311
0.825065 16.7708
0.888531 16.5195
0.951998 16.5425
1.01546 16.2488
1.07893 16.1441
1.1424 15.9016
1.20586 15.6303
1.26933 15.593
1.3328 15.4681
1.39626 15.3868
1.45973 15.4295
1.5232 15.4519
1.58666 15.4519
1.65013 15.4553
1.7136 15.4071
1.77706 15.4089
1.84053 15.5708
1.904 15.5722
1.96746 15.7869
2.03093 15.9608
2.0944 16.1404
2.15786 16.3358
2.22133 16.5598
2.28479 16.7067
2.34826 16.7551
2.41173 16.7666
2.47519 16.4868
2.53866 16.4063
2.60213 16.2236
2.66559 16.0751
2.72906 15.8843
2.79253 15.5898
2.85599 15.6173
2.91946 15.4551
2.98293 15.421
3.04639 15.4763
3.10986 15.4794
3.17333 15.4794
3.23679 15.4763
3.30026 15.421
3.36373 15.4551
3.42719 15.6173
3.49066 15.5898
3.55413 15.8843
3.61759 16.0751
3.68106 16.2236
3.74452 16.4063
3.80799 16.4868
3.87146 16.7666
3.93492 16.7551
3.99839 16.7067
4.06186 16.5598
4.12532 16.3358
4.18879 16.1404
4.25226 15.9608
4.31572 15.7869
4.37919 15.5722
4.44266 15.5708
4.50612 15.4089
4.56959 15.4071
4.63306 15.4553
4.69652 15.4519
4.75999 15.4519
4.82346 15.4295
4.88692 15.3868
4.95039 15.4681
5.01385 15.593
5.07732 15.6303
5.14079 15.9016
5.20425 16.1441
5.26772 16.2488
5.33119 16.5425
5.39465 16.5195
5.45812 16.7708
5.52159 16.7311
5.58505 16.6445
5.64852 16.5962
5.71199 16.2549
5.77545 16.1509
5.83892 15.8995
5.90239 15.6823
5.96585 15.5493
6.02932 15.4977
6.09279 15.3671
6.15625 15.3899
6.21972 15.4267
6.28319 15.4224
