1.5708 7.59932e-29
1.50733 0.833476
1.44386 2.97055
1.3804 6.58961
1.31693 11.2756
1.25346 17.2463
1.19 23.6486
1.12653 30.4474
1.06306 36.7743
0.999598 42.8562
0.936131 47.0937
0.872665 49.3776
0.809198 49.2157
0.745732 46.0985
0.682265 40.5421
0.618799 32.8078
0.555332 24.0115
0.491866 15.0473
0.428399 7.98246
0.364932 3.24613
0.301466 1.8361
0.237999 3.39489
0.174533 7.0677
0.111066 11.6615
0.0475999 15.5538
-0.0158666 16.5205
-0.0793331 13.822
-0.1428 9.32566
-0.206266 5.06545
-0.269733 2.26742
-0.333199 2.16126
-0.396666 5.16057
-0.460132 11.3331
-0.523599 19.4815
-0.587065 28.3955
-0.650532 36.98
-0.713998 43.5193
-0.777465 48.1043
-0.840931 49.5433
-0.904398 48.7267
-0.967864 45.0744
-1.03133 40.1018
-1.0948 33.8516
-1.15826 26.9978
-1.22173 20.2254
-1.2852 14.1249
-1.34866 8.71725
-1.41213 4.63415
-1.4756 1.70151
-1.53906 0.262987
-1.60253 4.21294e-29
-1.666 0.833476
-1.72946 2.97055
-1.79293 6.58961
-1.8564 11.2756
-1.91986 17.2463
-1.98333 23.6486
-2.0468 30.4474
-2.11026 36.7743
-2.17373 42.8562
-2.23719 47.0937
-2.30066 49.3776
-2.36413 49.2157
-2.42759 46.0985
-2.49106 40.5421
-2.55453 32.8078
-2.61799 24.0115
-2.68146 15.0473
-2.74493 7.98246
-2.80839 3.24613
-2.87186 1.8361
-2.93533 3.39489
-2.99879 7.0677
-3.06226 11.6615
-3.12573 15.5538
-3.18919 16.5205
-3.25266 13.822
-3.31613 9.32566
-3.37959 5.06545
-3.44306 2.26742
-3.50653 2.16126
-3.56999 5.16057
-3.63346 11.3331
-3.69692 19.4815
-3.76039 28.3955
-3.82386 36.98
-3.88732 43.5193
-3.95079 48.1043
-4.01426 49.5433
-4.07772 48.7267
-4.14119 45.0744
-4.20466 40.1018
-4.26812 33.8516
-4.33159 26.9978
-4.39506 20.2254
-4.45852 14.1249
-4.52199 8.71725
-4.58546 4.63415
-4.64892 1.70151
-4.71239 0.262987
