0 0.242237
0.0634665 0.242237
0.126933 0.242237
0.1904 0.242237
0.253866 0.242237
0.317333 0.242237
0.380799 0.242237
0.444266 0.242237
0.507732 0.242237
0.571199 0.242237
0.634665 0.242237
0.698132 0.242237
0.761598 0.242237
0.825065 0.242237
0.888531 0.242237
0.951998 0.242237
1.01546 0.242237
1.07893 0.242237
1.1424 0.242237
1.20586 0.242237
1.26933 0.242237
1.3328 0.242237
1.39626 0.242237
1.45973 0.242237
1.5232 0.242237
1.58666 0.242237
1.65013 0.242237
1.7136 0.242237
1.77706 0.242237
1.84053 0.242237
1.904 0.242237
1.96746 0.242237
2.03093 0.242237
2.0944 0.242237
2.15786 0.242237
2.22133 0.242237
2.28479 0.242237
2.34826 0.242237
2.41173 0.242237
2.47519 0.242237
2.53866 0.242237
2.60213 0.242237
2.66559 0.242237
2.72906 0.242237
2.79253 0.242237
2.85599 0.242237
2.91946 0.242237
2.98293 0.242237
3.04639 0.242237
3.10986 0.242237
3.17333 0.242237
3.23679 0.242237
3.30026 0.242237
3.36373 0.242237
3.42719 0.242237
3.49066 0.242237
3.55413 0.242237
3.61759 0.242237
3.68106 0.242237
3.74452 0.242237
3.80799 0.242237
3.87146 0.242237
3.93492 0.242237
3.99839 0.242237
4.06186 0.242237
4.12532 0.242237
4.18879 0.242237
4.25226 0.242237
4.31572 0.242237
4.37919 0.242237
4.44266 0.242237
4.50612 0.242237
4.56959 0.242237
4.63306 0.242237
4.69652 0.242237
4.75999 0.242237
4.82346 0.242237
4.88692 0.242237
4.95039 0.242237
5.01385 0.242237
5.07732 0.242237
5.14079 0.242237
5.20425 0.242237
5.26772 0.242237
5.33119 0.242237
5.39465 0.242237
5.45812 0.242237
5.52159 0.242237
5.58505 0.242237
5.64852 0.242237
5.71199 0.242237
5.77545 0.242237
5.83892 0.242237
5.90239 0.242237
5.96585 0.242237
6.02932 0.242237
6.09279 0.242237
6.15625 0.242237
6.21972 0.242237
6.28319 0.242237
