0 0
0.0634665 0.000974419
0.126933 0.003882
0.1904 0.00867595
0.253866 0.0152791
0.317333 0.0235853
0.380799 0.0334609
0.444266 0.0447468
0.507732 0.0572616
0.571199 0.0708039
0.634665 0.0851558
0.698132 0.100086
0.761598 0.115355
0.825065 0.130717
0.888531 0.145924
0.951998 0.160732
1.01546 0.174903
1.07893 0.188208
1.1424 0.200434
1.20586 0.211383
1.26933 0.220881
1.3328 0.228772
1.39626 0.234932
1.45973 0.239261
1.5232 0.241688
1.58666 0.242176
1.65013 0.240715
1.7136 0.23733
1.77706 0.232076
1.84053 0.225036
1.904 0.216324
1.96746 0.20608
2.03093 0.194469
2.0944 0.181677
2.15786 0.167912
2.22133 0.153393
2.28479 0.138355
2.34826 0.12304
2.41173 0.107694
2.47519 0.0925636
2.53866 0.0778928
2.60213 0.0639176
2.66559 0.0508628
2.72906 0.0389384
2.79253 0.0283363
2.85599 0.0192271
2.91946 0.0117574
2.98293 0.0060473
3.04639 0.00218876
3.10986 0.00024385
3.17333 0.00024385
3.23679 0.00218876
3.30026 0.0060473
3.36373 0.0117574
3.42719 0.0192271
3.49066 0.0283363
3.55413 0.0389384
3.61759 0.0508628
3.68106 0.0639176
3.74452 0.0778928
3.80799 0.0925636
3.87146 0.107694
3.93492 0.12304
3.99839 0.138355
4.06186 0.153393
4.12532 0.167912
4.18879 0.181677
4.25226 0.194469
4.31572 0.20608
4.37919 0.216324
4.44266 0.225036
4.50612 0.232076
4.56959 0.23733
4.63306 0.240715
4.69652 0.242176
4.75999 0.241688
4.82346 0.239261
4.88692 0.234932
4.95039 0.228772
5.01385 0.220881
5.07732 0.211383
5.14079 0.200434
5.20425 0.188208
5.26772 0.174903
5.33119 0.160732
5.39465 0.145924
5.45812 0.130717
5.52159 0.115355
5.58505 0.100086
5.64852 0.0851558
5.71199 0.0708039
5.77545 0.0572616
5.83892 0.0447468
5.90239 0.0334609
5.96585 0.0235853
6.02932 0.0152791
6.09279 0.00867595
6.15625 0.003882
6.21972 0.000974419
6.28319 1.45319e-32
