0.1	0.997454
0.11	0.99692
0.12	0.996335
0.13	0.995699
0.14	0.995013
0.15	0.994276
0.16	0.993489
0.17	0.992651
0.18	0.991762
0.19	0.990824
0.2	0.989835
0.21	0.988796
0.22	0.987707
0.23	0.986568
0.24	0.985379
0.25	0.98414
0.26	0.982852
0.27	0.981513
0.28	0.980125
0.29	0.978688
0.3	0.977202
0.31	0.975666
0.32	0.974081
0.33	0.972447
0.34	0.970765
0.35	0.969033
0.36	0.967253
0.37	0.965425
0.38	0.963548
0.39	0.961623
0.4	0.95965
0.41	0.957629
0.42	0.955561
0.43	0.953444
0.44	0.951281
0.45	0.94907
0.46	0.946812
0.47	0.944507
0.48	0.942156
0.49	0.939758
0.5	0.937314
0.51	0.934823
0.52	0.932286
0.53	0.929704
0.54	0.927076
0.55	0.924403
0.56	0.921684
0.57	0.918921
0.58	0.916112
0.59	0.91326
0.6	0.910362
0.61	0.907421
0.62	0.904436
0.63	0.901407
0.64	0.898334
0.65	0.895219
0.66	0.89206
0.67	0.888859
0.68	0.885615
0.69	0.882329
0.7	0.879001
0.71	0.875631
0.72	0.87222
0.73	0.868767
0.74	0.865274
0.75	0.86174
0.76	0.858165
0.77	0.85455
0.78	0.850895
0.79	0.847201
0.8	0.843467
0.81	0.839695
0.82	0.835883
0.83	0.832033
0.84	0.828145
0.85	0.824219
0.86	0.820255
0.87	0.816254
0.88	0.812216
0.89	0.808141
0.9	0.80403
0.91	0.799883
0.92	0.7957
0.93	0.791482
0.94	0.787228
0.95	0.78294
0.96	0.778617
0.97	0.77426
0.98	0.769869
0.99	0.765445
1	0.760987
1.01	0.756497
1.02	0.751974
1.03	0.747419
1.04	0.742832
1.05	0.738214
1.06	0.733564
1.07	0.728884
1.08	0.724173
1.09	0.719433
1.1	0.714662
1.11	0.709862
1.12	0.705034
1.13	0.700176
1.14	0.69529
1.15	0.690377
1.16	0.685436
1.17	0.680467
1.18	0.675472
1.19	0.670451
1.2	0.665403
1.21	0.66033
1.22	0.655231
1.23	0.650108
1.24	0.644959
1.25	0.639787
1.26	0.634591
1.27	0.629372
1.28	0.62413
1.29	0.618865
1.3	0.613577
1.31	0.608268
1.32	0.602938
1.33	0.597587
1.34	0.592214
1.35	0.586822
1.36	0.58141
1.37	0.575978
1.38	0.570528
1.39	0.565059
1.4	0.559571
1.41	0.554066
1.42	0.548543
1.43	0.543004
1.44	0.537447
1.45	0.531875
1.46	0.526287
1.47	0.520683
1.48	0.515065
1.49	0.509432
1.5	0.503785
1.51	0.498124
1.52	0.49245
1.53	0.486763
1.54	0.481063
1.55	0.475352
1.56	0.469629
1.57	0.463894
1.58	0.458149
1.59	0.452394
1.6	0.446629
1.61	0.440854
1.62	0.43507
1.63	0.429277
1.64	0.423476
1.65	0.417668
1.66	0.411851
1.67	0.406028
1.68	0.400199
1.69	0.394363
1.7	0.388522
1.71	0.382675
1.72	0.376823
1.73	0.370967
1.74	0.365107
1.75	0.359244
1.76	0.353377
1.77	0.347507
1.78	0.341636
1.79	0.335762
1.8	0.329887
1.81	0.32401
1.82	0.318134
1.83	0.312257
1.84	0.30638
1.85	0.300504
1.86	0.294628
1.87	0.288755
1.88	0.282883
1.89	0.277014
1.9	0.271147
1.91	0.265283
1.92	0.259424
1.93	0.253568
1.94	0.247716
1.95	0.241869
1.96	0.236028
1.97	0.230192
1.98	0.224363
1.99	0.218539
2	0.212723
2.01	0.206914
2.02	0.201113
2.03	0.19532
2.04	0.189535
2.05	0.183759
2.06	0.177993
2.07	0.172236
2.08	0.16649
2.09	0.160754
2.1	0.155029
2.11	0.149315
2.12	0.143614
2.13	0.137924
2.14	0.132247
2.15	0.126583
2.16	0.120932
2.17	0.115295
2.18	0.109672
2.19	0.104063
2.2	0.0984694
2.21	0.0928911
2.22	0.0873283
2.23	0.0817817
2.24	0.0762514
2.25	0.0707379
2.26	0.0652416
2.27	0.0597629
2.28	0.0543021
2.29	0.0488595
2.3	0.0434356
2.31	0.0380308
2.32	0.0326453
2.33	0.0272796
2.34	0.0219341
2.35	0.016609
2.36	0.0113047
2.37	0.00602161
2.38	0.000760081
2.39	-0.00447955
2.4	-0.00969695
2.41	-0.0148917
2.42	-0.0200636
2.43	-0.0252122
2.44	-0.0303372
2.45	-0.0354382
2.46	-0.0405149
2.47	-0.045567
2.48	-0.0505941
2.49	-0.0555959
2.5	-0.0605721
2.51	-0.0655224
2.52	-0.0704465
2.53	-0.0753439
2.54	-0.0802145
2.55	-0.0850578
2.56	-0.0898737
2.57	-0.0946617
2.58	-0.0994216
2.59	-0.104153
2.6	-0.108856
2.61	-0.113529
2.62	-0.118174
2.63	-0.122788
2.64	-0.127373
2.65	-0.131928
2.66	-0.136452
2.67	-0.140945
2.68	-0.145408
2.69	-0.149839
2.7	-0.154238
2.71	-0.158605
2.72	-0.162941
2.73	-0.167244
2.74	-0.171514
2.75	-0.175752
2.76	-0.179956
2.77	-0.184127
2.78	-0.188264
2.79	-0.192367
2.8	-0.196436
2.81	-0.200471
2.82	-0.204471
2.83	-0.208436
2.84	-0.212366
2.85	-0.216261
2.86	-0.22012
2.87	-0.223943
2.88	-0.227731
2.89	-0.231482
2.9	-0.235197
2.91	-0.238875
2.92	-0.242516
2.93	-0.24612
2.94	-0.249687
2.95	-0.253217
2.96	-0.256709
2.97	-0.260163
2.98	-0.263579
2.99	-0.266957
3	-0.270297
3.01	-0.273598
3.02	-0.27686
3.03	-0.280084
3.04	-0.283268
3.05	-0.286414
3.06	-0.289519
3.07	-0.292586
3.08	-0.295613
3.09	-0.2986
3.1	-0.301547
3.11	-0.304453
3.12	-0.30732
3.13	-0.310146
3.14	-0.312932
3.15	-0.315677
3.16	-0.318382
3.17	-0.321045
3.18	-0.323668
3.19	-0.32625
3.2	-0.32879
3.21	-0.331289
3.22	-0.333746
3.23	-0.336162
3.24	-0.338537
3.25	-0.34087
3.26	-0.343161
3.27	-0.34541
3.28	-0.347617
3.29	-0.349782
3.3	-0.351905
3.31	-0.353986
3.32	-0.356025
3.33	-0.358021
3.34	-0.359975
3.35	-0.361887
3.36	-0.363756
3.37	-0.365583
3.38	-0.367367
3.39	-0.369108
3.4	-0.370807
3.41	-0.372464
3.42	-0.374077
3.43	-0.375648
3.44	-0.377176
3.45	-0.378661
3.46	-0.380104
3.47	-0.381504
3.48	-0.382861
3.49	-0.384175
3.5	-0.385446
3.51	-0.386675
3.52	-0.387861
3.53	-0.389004
3.54	-0.390104
3.55	-0.391161
3.56	-0.392176
3.57	-0.393148
3.58	-0.394078
3.59	-0.394964
3.6	-0.395808
3.61	-0.39661
3.62	-0.397369
3.63	-0.398085
3.64	-0.39876
3.65	-0.399391
3.66	-0.399981
3.67	-0.400528
3.68	-0.401033
3.69	-0.401495
3.7	-0.401916
3.71	-0.402295
3.72	-0.402631
3.73	-0.402926
3.74	-0.403179
3.75	-0.403391
3.76	-0.403561
3.77	-0.403689
3.78	-0.403776
3.79	-0.403822
3.8	-0.403826
3.81	-0.40379
3.82	-0.403712
3.83	-0.403594
3.84	-0.403435
3.85	-0.403235
3.86	-0.402995
3.87	-0.402714
3.88	-0.402393
3.89	-0.402032
3.9	-0.401631
3.91	-0.401191
3.92	-0.40071
3.93	-0.40019
3.94	-0.399631
3.95	-0.399032
3.96	-0.398394
3.97	-0.397718
3.98	-0.397002
3.99	-0.396248
4	-0.395456
4.01	-0.394625
4.02	-0.393757
4.03	-0.39285
4.04	-0.391905
4.05	-0.390923
4.06	-0.389904
4.07	-0.388848
4.08	-0.387754
4.09	-0.386624
4.1	-0.385457
4.11	-0.384254
4.12	-0.383014
4.13	-0.381739
4.14	-0.380428
4.15	-0.379081
4.16	-0.377699
4.17	-0.376282
4.18	-0.37483
4.19	-0.373343
4.2	-0.371822
4.21	-0.370266
4.22	-0.368677
4.23	-0.367053
4.24	-0.365397
4.25	-0.363706
4.26	-0.361983
4.27	-0.360227
4.28	-0.358439
4.29	-0.356618
4.3	-0.354765
4.31	-0.35288
4.32	-0.350964
4.33	-0.349016
4.34	-0.347037
4.35	-0.345028
4.36	-0.342987
4.37	-0.340917
4.38	-0.338817
4.39	-0.336687
4.4	-0.334527
4.41	-0.332338
4.42	-0.330121
4.43	-0.327875
4.44	-0.3256
4.45	-0.323298
4.46	-0.320967
4.47	-0.318609
4.48	-0.316224
4.49	-0.313812
4.5	-0.311374
4.51	-0.308909
4.52	-0.306418
4.53	-0.303901
4.54	-0.301359
4.55	-0.298792
4.56	-0.2962
4.57	-0.293583
4.58	-0.290942
4.59	-0.288278
4.6	-0.285589
4.61	-0.282878
4.62	-0.280143
4.63	-0.277386
4.64	-0.274607
4.65	-0.271805
4.66	-0.268982
4.67	-0.266137
4.68	-0.263271
4.69	-0.260385
4.7	-0.257478
4.71	-0.254551
4.72	-0.251605
4.73	-0.248638
4.74	-0.245653
4.75	-0.242649
4.76	-0.239627
4.77	-0.236586
4.78	-0.233528
4.79	-0.230452
4.8	-0.227359
4.81	-0.224249
4.82	-0.221123
4.83	-0.217981
4.84	-0.214823
4.85	-0.21165
4.86	-0.208461
4.87	-0.205258
4.88	-0.20204
4.89	-0.198809
4.9	-0.195563
4.91	-0.192305
4.92	-0.189033
4.93	-0.185748
4.94	-0.182452
4.95	-0.179143
4.96	-0.175822
4.97	-0.172491
4.98	-0.169148
4.99	-0.165795
5	-0.162431
5.01	-0.159058
5.02	-0.155675
5.03	-0.152283
5.04	-0.148882
5.05	-0.145473
5.06	-0.142055
5.07	-0.138629
5.08	-0.135197
5.09	-0.131757
5.1	-0.12831
5.11	-0.124857
5.12	-0.121398
5.13	-0.117933
5.14	-0.114462
5.15	-0.110987
5.16	-0.107507
5.17	-0.104023
5.18	-0.100535
5.19	-0.0970433
5.2	-0.0935483
5.21	-0.0900504
5.22	-0.08655
5.23	-0.0830473
5.24	-0.0795428
5.25	-0.0760368
5.26	-0.0725296
5.27	-0.0690215
5.28	-0.065513
5.29	-0.0620044
5.3	-0.058496
5.31	-0.0549881
5.32	-0.0514812
5.33	-0.0479755
5.34	-0.0444713
5.35	-0.0409691
5.36	-0.0374692
5.37	-0.0339718
5.38	-0.0304774
5.39	-0.0269863
5.4	-0.0234988
5.41	-0.0200153
5.42	-0.016536
5.43	-0.0130614
5.44	-0.00959175
5.45	-0.00612737
5.46	-0.0026686
5.47	0.00078421
5.48	0.00423075
5.49	0.00767067
5.5	0.0111037
5.51	0.0145294
5.52	0.0179476
5.53	0.0213578
5.54	0.0247599
5.55	0.0281533
5.56	0.031538
5.57	0.0349134
5.58	0.0382793
5.59	0.0416355
5.6	0.0449815
5.61	0.048317
5.62	0.0516418
5.63	0.0549556
5.64	0.058258
5.65	0.0615487
5.66	0.0648275
5.67	0.0680939
5.68	0.0713478
5.69	0.0745889
5.7	0.0778167
5.71	0.0810311
5.72	0.0842317
5.73	0.0874183
5.74	0.0905905
5.75	0.0937481
5.76	0.0968908
5.77	0.100018
5.78	0.10313
5.79	0.106227
5.8	0.109307
5.81	0.112371
5.82	0.115418
5.83	0.118448
5.84	0.121461
5.85	0.124457
5.86	0.127436
5.87	0.130396
5.88	0.133338
5.89	0.136261
5.9	0.139166
5.91	0.142052
5.92	0.144919
5.93	0.147766
5.94	0.150593
5.95	0.153401
5.96	0.156188
5.97	0.158955
5.98	0.161701
5.99	0.164426
6	0.16713
6.01	0.169813
6.02	0.172473
6.03	0.175112
6.04	0.177729
6.05	0.180324
6.06	0.182896
6.07	0.185446
6.08	0.187972
6.09	0.190475
6.1	0.192955
6.11	0.195411
6.12	0.197844
6.13	0.200252
6.14	0.202636
6.15	0.204996
6.16	0.207331
6.17	0.209641
6.18	0.211927
6.19	0.214187
6.2	0.216422
6.21	0.218631
6.22	0.220815
6.23	0.222973
6.24	0.225104
6.25	0.22721
6.26	0.229289
6.27	0.231342
6.28	0.233367
6.29	0.235366
6.3	0.237338
6.31	0.239283
6.32	0.2412
6.33	0.24309
6.34	0.244952
6.35	0.246787
6.36	0.248593
6.37	0.250371
6.38	0.252122
6.39	0.253844
6.4	0.255537
6.41	0.257202
6.42	0.258838
6.43	0.260446
6.44	0.262024
6.45	0.263574
6.46	0.265094
6.47	0.266585
6.48	0.268047
6.49	0.269479
6.5	0.270882
6.51	0.272255
6.52	0.273598
6.53	0.274911
6.54	0.276195
6.55	0.277449
6.56	0.278672
6.57	0.279865
6.58	0.281028
6.59	0.282161
6.6	0.283264
6.61	0.284336
6.62	0.285377
6.63	0.286388
6.64	0.287368
6.65	0.288318
6.66	0.289237
6.67	0.290125
6.68	0.290983
6.69	0.291809
6.7	0.292605
6.71	0.29337
6.72	0.294103
6.73	0.294806
6.74	0.295478
6.75	0.296119
6.76	0.296729
6.77	0.297308
6.78	0.297855
6.79	0.298372
6.8	0.298857
6.81	0.299312
6.82	0.299735
6.83	0.300128
6.84	0.300489
6.85	0.300819
6.86	0.301118
6.87	0.301386
6.88	0.301623
6.89	0.301829
6.9	0.302004
6.91	0.302148
6.92	0.302261
6.93	0.302344
6.94	0.302395
6.95	0.302416
6.96	0.302406
6.97	0.302365
6.98	0.302293
6.99	0.302191
7	0.302058
7.01	0.301895
7.02	0.301701
7.03	0.301477
7.04	0.301222
7.05	0.300937
7.06	0.300622
7.07	0.300277
7.08	0.299902
7.09	0.299497
7.1	0.299062
7.11	0.298597
7.12	0.298102
7.13	0.297578
7.14	0.297024
7.15	0.296441
7.16	0.295828
7.17	0.295186
7.18	0.294515
7.19	0.293815
7.2	0.293086
7.21	0.292329
7.22	0.291542
7.23	0.290727
7.24	0.289883
7.25	0.289012
7.26	0.288112
7.27	0.287183
7.28	0.286227
7.29	0.285243
7.3	0.284232
7.31	0.283193
7.32	0.282126
7.33	0.281032
7.34	0.279911
7.35	0.278763
7.36	0.277588
7.37	0.276387
7.38	0.275159
7.39	0.273905
7.4	0.272624
7.41	0.271318
7.42	0.269985
7.43	0.268627
7.44	0.267243
7.45	0.265834
7.46	0.2644
7.47	0.262941
7.48	0.261457
7.49	0.259948
7.5	0.258415
7.51	0.256857
7.52	0.255276
7.53	0.25367
7.54	0.252041
7.55	0.250388
7.56	0.248712
7.57	0.247013
7.58	0.245291
7.59	0.243546
7.6	0.241778
7.61	0.239989
7.62	0.238177
7.63	0.236343
7.64	0.234487
7.65	0.23261
7.66	0.230712
7.67	0.228793
7.68	0.226853
7.69	0.224892
7.7	0.222911
7.71	0.22091
7.72	0.218888
7.73	0.216847
7.74	0.214787
7.75	0.212707
7.76	0.210608
7.77	0.208491
7.78	0.206355
7.79	0.2042
7.8	0.202028
7.81	0.199838
7.82	0.19763
7.83	0.195404
7.84	0.193162
7.85	0.190903
7.86	0.188627
7.87	0.186335
7.88	0.184026
7.89	0.181702
7.9	0.179362
7.91	0.177007
7.92	0.174637
7.93	0.172251
7.94	0.169852
7.95	0.167437
7.96	0.165009
7.97	0.162567
7.98	0.160112
7.99	0.157643
8	0.155161
8.01	0.152666
8.02	0.150159
8.03	0.147639
8.04	0.145108
8.05	0.142565
8.06	0.14001
8.07	0.137444
8.08	0.134868
8.09	0.13228
8.1	0.129683
8.11	0.127075
8.12	0.124457
8.13	0.12183
8.14	0.119194
8.15	0.116549
8.16	0.113895
8.17	0.111232
8.18	0.108561
8.19	0.105883
8.2	0.103197
8.21	0.100503
8.22	0.0978028
8.23	0.0950955
8.24	0.0923818
8.25	0.0896618
8.26	0.0869359
8.27	0.0842043
8.28	0.0814674
8.29	0.0787254
8.3	0.0759785
8.31	0.0732272
8.32	0.0704716
8.33	0.067712
8.34	0.0649488
8.35	0.0621821
8.36	0.0594123
8.37	0.0566397
8.38	0.0538645
8.39	0.051087
8.4	0.0483075
8.41	0.0455263
8.42	0.0427437
8.43	0.0399599
8.44	0.0371752
8.45	0.03439
8.46	0.0316044
8.47	0.0288188
8.48	0.0260334
8.49	0.0232485
8.5	0.0204645
8.51	0.0176815
8.52	0.0148999
8.53	0.0121199
8.54	0.00934177
8.55	0.00656586
8.56	0.00379241
8.57	0.0010217
8.58	-0.001746
8.59	-0.00451041
8.6	-0.00727127
8.61	-0.0100283
8.62	-0.0127812
8.63	-0.0155298
8.64	-0.0182737
8.65	-0.0210127
8.66	-0.0237465
8.67	-0.0264748
8.68	-0.0291974
8.69	-0.0319141
8.7	-0.0346245
8.71	-0.0373283
8.72	-0.0400254
8.73	-0.0427155
8.74	-0.0453982
8.75	-0.0480734
8.76	-0.0507407
8.77	-0.0534
8.78	-0.0560509
8.79	-0.0586932
8.8	-0.0613267
8.81	-0.063951
8.82	-0.066566
8.83	-0.0691714
8.84	-0.0717669
8.85	-0.0743522
8.86	-0.0769272
8.87	-0.0794916
8.88	-0.0820452
8.89	-0.0845876
8.9	-0.0871187
8.91	-0.0896382
8.92	-0.0921459
8.93	-0.0946415
8.94	-0.0971248
8.95	-0.0995956
8.96	-0.102054
8.97	-0.104499
8.98	-0.10693
8.99	-0.109349
9	-0.111753
9.01	-0.114144
9.02	-0.11652
9.03	-0.118882
9.04	-0.12123
9.05	-0.123563
9.06	-0.12588
9.07	-0.128183
9.08	-0.13047
9.09	-0.132741
9.1	-0.134996
9.11	-0.137236
9.12	-0.139459
9.13	-0.141665
9.14	-0.143855
9.15	-0.146028
9.16	-0.148184
9.17	-0.150322
9.18	-0.152443
9.19	-0.154546
9.2	-0.156631
9.21	-0.158699
9.22	-0.160748
9.23	-0.162778
9.24	-0.16479
9.25	-0.166783
9.26	-0.168757
9.27	-0.170711
9.28	-0.172647
9.29	-0.174563
9.3	-0.176459
9.31	-0.178335
9.32	-0.180191
9.33	-0.182027
9.34	-0.183843
9.35	-0.185638
9.36	-0.187412
9.37	-0.189165
9.38	-0.190898
9.39	-0.192609
9.4	-0.194299
9.41	-0.195968
9.42	-0.197614
9.43	-0.19924
9.44	-0.200843
9.45	-0.202424
9.46	-0.203983
9.47	-0.20552
9.48	-0.207034
9.49	-0.208526
9.5	-0.209995
9.51	-0.211441
9.52	-0.212864
9.53	-0.214264
9.54	-0.215641
9.55	-0.216995
9.56	-0.218325
9.57	-0.219632
9.58	-0.220915
9.59	-0.222174
9.6	-0.22341
9.61	-0.224622
9.62	-0.225809
9.63	-0.226973
9.64	-0.228112
9.65	-0.229227
9.66	-0.230317
9.67	-0.231383
9.68	-0.232425
9.69	-0.233442
9.7	-0.234434
9.71	-0.235401
9.72	-0.236344
9.73	-0.237261
9.74	-0.238154
9.75	-0.239021
9.76	-0.239863
9.77	-0.24068
9.78	-0.241472
9.79	-0.242239
9.8	-0.24298
9.81	-0.243696
9.82	-0.244386
9.83	-0.245051
9.84	-0.24569
9.85	-0.246304
9.86	-0.246892
9.87	-0.247454
9.88	-0.247991
9.89	-0.248501
9.9	-0.248987
9.91	-0.249446
9.92	-0.24988
9.93	-0.250288
9.94	-0.25067
9.95	-0.251026
9.96	-0.251356
9.97	-0.25166
9.98	-0.251939
9.99	-0.252192
10	-0.252419
10.01	-0.25262
10.02	-0.252795
10.03	-0.252944
10.04	-0.253067
10.05	-0.253165
10.06	-0.253237
10.07	-0.253283
10.08	-0.253303
10.09	-0.253297
10.1	-0.253266
10.11	-0.253209
10.12	-0.253127
10.13	-0.253018
10.14	-0.252884
10.15	-0.252725
10.16	-0.25254
10.17	-0.252329
10.18	-0.252093
10.19	-0.251832
10.2	-0.251545
10.21	-0.251233
10.22	-0.250896
10.23	-0.250534
10.24	-0.250146
10.25	-0.249734
10.26	-0.249296
10.27	-0.248833
10.28	-0.248346
10.29	-0.247834
10.3	-0.247297
10.31	-0.246736
10.32	-0.24615
10.33	-0.245539
10.34	-0.244904
10.35	-0.244245
10.36	-0.243562
10.37	-0.242854
10.38	-0.242123
10.39	-0.241367
10.4	-0.240588
10.41	-0.239785
10.42	-0.238958
10.43	-0.238108
10.44	-0.237234
10.45	-0.236337
10.46	-0.235417
10.47	-0.234474
10.48	-0.233508
10.49	-0.232519
10.5	-0.231507
10.51	-0.230473
10.52	-0.229416
10.53	-0.228337
10.54	-0.227235
10.55	-0.226112
10.56	-0.224966
10.57	-0.223799
10.58	-0.22261
10.59	-0.221399
10.6	-0.220167
10.61	-0.218914
10.62	-0.21764
10.63	-0.216344
10.64	-0.215028
10.65	-0.213691
10.66	-0.212334
10.67	-0.210956
10.68	-0.209558
10.69	-0.208141
10.7	-0.206703
10.71	-0.205245
10.72	-0.203768
10.73	-0.202271
10.74	-0.200756
10.75	-0.199221
10.76	-0.197667
10.77	-0.196095
10.78	-0.194504
10.79	-0.192894
10.8	-0.191267
10.81	-0.189621
10.82	-0.187958
10.83	-0.186277
10.84	-0.184578
10.85	-0.182863
10.86	-0.18113
10.87	-0.17938
10.88	-0.177614
10.89	-0.175831
10.9	-0.174032
10.91	-0.172216
10.92	-0.170385
10.93	-0.168538
10.94	-0.166676
10.95	-0.164798
10.96	-0.162905
10.97	-0.160997
10.98	-0.159075
10.99	-0.157137
11	-0.155186
11.01	-0.153221
11.02	-0.151241
11.03	-0.149248
11.04	-0.147242
11.05	-0.145222
11.06	-0.143189
11.07	-0.141144
11.08	-0.139086
11.09	-0.137015
11.1	-0.134933
11.11	-0.132838
11.12	-0.130732
11.13	-0.128614
11.14	-0.126485
11.15	-0.124345
11.16	-0.122194
11.17	-0.120032
11.18	-0.117861
11.19	-0.115679
11.2	-0.113487
11.21	-0.111285
11.22	-0.109074
11.23	-0.106854
11.24	-0.104624
11.25	-0.102386
11.26	-0.10014
11.27	-0.097885
11.28	-0.0956221
11.29	-0.0933514
11.3	-0.0910731
11.31	-0.0887875
11.32	-0.0864947
11.33	-0.0841951
11.34	-0.0818888
11.35	-0.0795761
11.36	-0.0772573
11.37	-0.0749325
11.38	-0.0726021
11.39	-0.0702662
11.4	-0.0679251
11.41	-0.065579
11.42	-0.0632283
11.43	-0.060873
11.44	-0.0585135
11.45	-0.05615
11.46	-0.0537827
11.47	-0.0514119
11.48	-0.0490379
11.49	-0.0466608
11.5	-0.0442809
11.51	-0.0418985
11.52	-0.0395138
11.53	-0.037127
11.54	-0.0347383
11.55	-0.0323481
11.56	-0.0299566
11.57	-0.027564
11.58	-0.0251705
11.59	-0.0227764
11.6	-0.0203819
11.61	-0.0179873
11.62	-0.0155928
11.63	-0.0131987
11.64	-0.0108052
11.65	-0.0084125
11.66	-0.00602088
11.67	-0.00363059
11.68	-0.00124185
11.69	0.00114509
11.7	0.00353
11.71	0.00591263
11.72	0.00829274
11.73	0.0106701
11.74	0.0130445
11.75	0.0154156
11.76	0.0177833
11.77	0.0201473
11.78	0.0225073
11.79	0.0248632
11.8	0.0272147
11.81	0.0295616
11.82	0.0319035
11.83	0.0342404
11.84	0.0365719
11.85	0.0388979
11.86	0.0412181
11.87	0.0435322
11.88	0.0458402
11.89	0.0481416
11.9	0.0504363
11.91	0.0527241
11.92	0.0550047
11.93	0.0572779
11.94	0.0595436
11.95	0.0618014
11.96	0.0640511
11.97	0.0662926
11.98	0.0685256
11.99	0.0707499
12	0.0729653
12.01	0.0751715
12.02	0.0773683
12.03	0.0795556
12.04	0.0817331
12.05	0.0839006
12.06	0.0860579
12.07	0.0882048
12.08	0.0903411
12.09	0.0924665
12.1	0.0945808
12.11	0.096684
12.12	0.0987757
12.13	0.100856
12.14	0.102924
12.15	0.10498
12.16	0.107024
12.17	0.109055
12.18	0.111074
12.19	0.11308
12.2	0.115073
12.21	0.117053
12.22	0.119019
12.23	0.120972
12.24	0.122911
12.25	0.124836
12.26	0.126747
12.27	0.128643
12.28	0.130525
12.29	0.132392
12.3	0.134245
12.31	0.136082
12.32	0.137904
12.33	0.139711
12.34	0.141502
12.35	0.143278
12.36	0.145037
12.37	0.146781
12.38	0.148508
12.39	0.150219
12.4	0.151914
12.41	0.153591
12.42	0.155252
12.43	0.156896
12.44	0.158522
12.45	0.160132
12.46	0.161724
12.47	0.163298
12.48	0.164854
12.49	0.166393
12.5	0.167913
12.51	0.169416
12.52	0.1709
12.53	0.172365
12.54	0.173812
12.55	0.17524
12.56	0.176649
12.57	0.17804
12.58	0.179411
12.59	0.180763
12.6	0.182096
12.61	0.183409
12.62	0.184702
12.63	0.185976
12.64	0.18723
12.65	0.188464
12.66	0.189678
12.67	0.190872
12.68	0.192046
12.69	0.193199
12.7	0.194332
12.71	0.195444
12.72	0.196535
12.73	0.197606
12.74	0.198656
12.75	0.199685
12.76	0.200693
12.77	0.20168
12.78	0.202646
12.79	0.20359
12.8	0.204513
12.81	0.205414
12.82	0.206295
12.83	0.207153
12.84	0.20799
12.85	0.208805
12.86	0.209598
12.87	0.210369
12.88	0.211119
12.89	0.211846
12.9	0.212552
12.91	0.213235
12.92	0.213897
12.93	0.214536
12.94	0.215152
12.95	0.215747
12.96	0.216319
12.97	0.216869
12.98	0.217396
12.99	0.217901
13	0.218383
13.01	0.218843
13.02	0.219281
13.03	0.219695
13.04	0.220088
13.05	0.220457
13.06	0.220804
13.07	0.221128
13.08	0.22143
13.09	0.221709
13.1	0.221965
13.11	0.222198
13.12	0.222409
13.13	0.222597
13.14	0.222762
13.15	0.222904
13.16	0.223024
13.17	0.223121
13.18	0.223196
13.19	0.223247
13.2	0.223276
13.21	0.223282
13.22	0.223266
13.23	0.223226
13.24	0.223165
13.25	0.22308
13.26	0.222973
13.27	0.222844
13.28	0.222692
13.29	0.222517
13.3	0.22232
13.31	0.2221
13.32	0.221858
13.33	0.221594
13.34	0.221307
13.35	0.220999
13.36	0.220667
13.37	0.220314
13.38	0.219939
13.39	0.219541
13.4	0.219122
13.41	0.21868
13.42	0.218217
13.43	0.217732
13.44	0.217225
13.45	0.216696
13.46	0.216146
13.47	0.215574
13.48	0.214981
13.49	0.214366
13.5	0.21373
13.51	0.213072
13.52	0.212394
13.53	0.211694
13.54	0.210973
13.55	0.210232
13.56	0.209469
13.57	0.208686
13.58	0.207882
13.59	0.207058
13.6	0.206213
13.61	0.205348
13.62	0.204462
13.63	0.203557
13.64	0.202631
13.65	0.201685
13.66	0.20072
13.67	0.199735
13.68	0.19873
13.69	0.197705
13.7	0.196662
13.71	0.195599
13.72	0.194517
13.73	0.193415
13.74	0.192295
13.75	0.191157
13.76	0.189999
13.77	0.188823
13.78	0.187629
13.79	0.186416
13.8	0.185186
13.81	0.183937
13.82	0.18267
13.83	0.181386
13.84	0.180084
13.85	0.178765
13.86	0.177429
13.87	0.176075
13.88	0.174705
13.89	0.173317
13.9	0.171913
13.91	0.170493
13.92	0.169056
13.93	0.167603
13.94	0.166133
13.95	0.164648
13.96	0.163147
13.97	0.161631
13.98	0.160099
13.99	0.158552
14	0.15699
14.01	0.155413
14.02	0.153821
14.03	0.152215
14.04	0.150594
14.05	0.148959
14.06	0.14731
14.07	0.145647
14.08	0.143971
14.09	0.14228
14.1	0.140577
14.11	0.13886
14.12	0.137131
14.13	0.135388
14.14	0.133633
14.15	0.131866
14.16	0.130086
14.17	0.128295
14.18	0.126491
14.19	0.124676
14.2	0.122849
14.21	0.121011
14.22	0.119162
14.23	0.117302
14.24	0.115431
14.25	0.11355
14.26	0.111659
14.27	0.109757
14.28	0.107845
14.29	0.105924
14.3	0.103993
14.31	0.102053
14.32	0.100104
14.33	0.0981458
14.34	0.096179
14.35	0.0942036
14.36	0.09222
14.37	0.0902283
14.38	0.0882286
14.39	0.0862213
14.4	0.0842066
14.41	0.0821846
14.42	0.0801555
14.43	0.0781195
14.44	0.076077
14.45	0.074028
14.46	0.0719728
14.47	0.0699116
14.48	0.0678446
14.49	0.065772
14.5	0.0636941
14.51	0.061611
14.52	0.059523
14.53	0.0574303
14.54	0.055333
14.55	0.0532315
14.56	0.0511258
14.57	0.0490164
14.58	0.0469032
14.59	0.0447867
14.6	0.0426669
14.61	0.0405441
14.62	0.0384185
14.63	0.0362904
14.64	0.0341599
14.65	0.0320273
14.66	0.0298928
14.67	0.0277565
14.68	0.0256188
14.69	0.0234798
14.7	0.0213398
14.71	0.0191989
14.72	0.0170575
14.73	0.0149156
14.74	0.0127735
14.75	0.0106315
14.76	0.00848971
14.77	0.0063484
14.78	0.00420777
14.79	0.00206804
14.8	-7.05764e-05
14.81	-0.00220786
14.82	-0.00434361
14.83	-0.00647759
14.84	-0.0086096
14.85	-0.0107394
14.86	-0.0128668
14.87	-0.0149916
14.88	-0.0171136
14.89	-0.0192326
14.9	-0.0213482
14.91	-0.0234605
14.92	-0.025569
14.93	-0.0276736
14.94	-0.0297742
14.95	-0.0318704
14.96	-0.0339622
14.97	-0.0360492
14.98	-0.0381313
14.99	-0.0402082
15	-0.0422798
