0.01	1
0.02	0.99996
0.03	0.999855
0.04	0.999694
0.05	0.999481
0.06	0.999215
0.07	0.998898
0.08	0.99853
0.09	0.998111
0.1	0.997642
0.11	0.997122
0.12	0.996552
0.13	0.995932
0.14	0.995262
0.15	0.994543
0.16	0.993773
0.17	0.992954
0.18	0.992085
0.19	0.991167
0.2	0.990199
0.21	0.989181
0.22	0.988115
0.23	0.986999
0.24	0.985834
0.25	0.98462
0.26	0.983357
0.27	0.982045
0.28	0.980685
0.29	0.979276
0.3	0.977818
0.31	0.976312
0.32	0.974758
0.33	0.973156
0.34	0.971505
0.35	0.969807
0.36	0.968061
0.37	0.966267
0.38	0.964426
0.39	0.962537
0.4	0.960601
0.41	0.958619
0.42	0.956589
0.43	0.954512
0.44	0.952389
0.45	0.950219
0.46	0.948003
0.47	0.945741
0.48	0.943433
0.49	0.941079
0.5	0.93868
0.51	0.936235
0.52	0.933745
0.53	0.93121
0.54	0.92863
0.55	0.926005
0.56	0.923336
0.57	0.920623
0.58	0.917865
0.59	0.915064
0.6	0.912219
0.61	0.90933
0.62	0.906399
0.63	0.903424
0.64	0.900406
0.65	0.897346
0.66	0.894244
0.67	0.8911
0.68	0.887913
0.69	0.884685
0.7	0.881416
0.71	0.878106
0.72	0.874754
0.73	0.871362
0.74	0.86793
0.75	0.864457
0.76	0.860945
0.77	0.857393
0.78	0.853801
0.79	0.850171
0.8	0.846502
0.81	0.842794
0.82	0.839048
0.83	0.835263
0.84	0.831442
0.85	0.827582
0.86	0.823686
0.87	0.819753
0.88	0.815783
0.89	0.811777
0.9	0.807735
0.91	0.803657
0.92	0.799544
0.93	0.795396
0.94	0.791214
0.95	0.786996
0.96	0.782745
0.97	0.77846
0.98	0.774141
0.99	0.769789
1	0.765404
1.01	0.760987
1.02	0.756538
1.03	0.752056
1.04	0.747544
1.05	0.742999
1.06	0.738424
1.07	0.733819
1.08	0.729183
1.09	0.724518
1.1	0.719823
1.11	0.715098
1.12	0.710345
1.13	0.705564
1.14	0.700754
1.15	0.695917
1.16	0.691052
1.17	0.68616
1.18	0.681242
1.19	0.676297
1.2	0.671326
1.21	0.666329
1.22	0.661308
1.23	0.656261
1.24	0.65119
1.25	0.646095
1.26	0.640976
1.27	0.635834
1.28	0.630669
1.29	0.625481
1.3	0.62027
1.31	0.615038
1.32	0.609785
1.33	0.60451
1.34	0.599215
1.35	0.593899
1.36	0.588564
1.37	0.583209
1.38	0.577834
1.39	0.572441
1.4	0.56703
1.41	0.5616
1.42	0.556153
1.43	0.550689
1.44	0.545208
1.45	0.539711
1.46	0.534197
1.47	0.528668
1.48	0.523124
1.49	0.517565
1.5	0.511991
1.51	0.506404
1.52	0.500803
1.53	0.495189
1.54	0.489562
1.55	0.483922
1.56	0.478271
1.57	0.472608
1.58	0.466934
1.59	0.461249
1.6	0.455554
1.61	0.449849
1.62	0.444134
1.63	0.438411
1.64	0.432678
1.65	0.426938
1.66	0.421189
1.67	0.415433
1.68	0.40967
1.69	0.4039
1.7	0.398124
1.71	0.392343
1.72	0.386555
1.73	0.380763
1.74	0.374966
1.75	0.369165
1.76	0.363361
1.77	0.357553
1.78	0.351742
1.79	0.345928
1.8	0.340113
1.81	0.334295
1.82	0.328477
1.83	0.322657
1.84	0.316837
1.85	0.311017
1.86	0.305198
1.87	0.299379
1.88	0.293561
1.89	0.287745
1.9	0.281931
1.91	0.276119
1.92	0.270311
1.93	0.264505
1.94	0.258703
1.95	0.252905
1.96	0.247111
1.97	0.241323
1.98	0.235539
1.99	0.229761
2	0.223989
2.01	0.218224
2.02	0.212465
2.03	0.206714
2.04	0.20097
2.05	0.195235
2.06	0.189508
2.07	0.183789
2.08	0.17808
2.09	0.172381
2.1	0.166691
2.11	0.161012
2.12	0.155344
2.13	0.149687
2.14	0.144041
2.15	0.138407
2.16	0.132786
2.17	0.127178
2.18	0.121582
2.19	0.116
2.2	0.110432
2.21	0.104878
2.22	0.0993388
2.23	0.0938145
2.24	0.0883055
2.25	0.0828123
2.26	0.0773352
2.27	0.0718745
2.28	0.0664307
2.29	0.0610041
2.3	0.055595
2.31	0.0502038
2.32	0.0448309
2.33	0.0394767
2.34	0.0341414
2.35	0.0288255
2.36	0.0235293
2.37	0.0182532
2.38	0.0129974
2.39	0.00776237
2.4	0.00254843
2.41	-0.00264409
2.42	-0.00781485
2.43	-0.0129635
2.44	-0.0180897
2.45	-0.0231932
2.46	-0.0282735
2.47	-0.0333304
2.48	-0.0383636
2.49	-0.0433726
2.5	-0.0483573
2.51	-0.0533172
2.52	-0.0582521
2.53	-0.0631617
2.54	-0.0680455
2.55	-0.0729034
2.56	-0.077735
2.57	-0.08254
2.58	-0.0873181
2.59	-0.092069
2.6	-0.0967924
2.61	-0.101488
2.62	-0.106156
2.63	-0.110795
2.64	-0.115405
2.65	-0.119987
2.66	-0.124539
2.67	-0.129062
2.68	-0.133555
2.69	-0.138018
2.7	-0.14245
2.71	-0.146852
2.72	-0.151224
2.73	-0.155564
2.74	-0.159872
2.75	-0.164149
2.76	-0.168394
2.77	-0.172607
2.78	-0.176787
2.79	-0.180935
2.8	-0.18505
2.81	-0.189132
2.82	-0.19318
2.83	-0.197195
2.84	-0.201176
2.85	-0.205123
2.86	-0.209035
2.87	-0.212913
2.88	-0.216757
2.89	-0.220565
2.9	-0.224338
2.91	-0.228076
2.92	-0.231778
2.93	-0.235444
2.94	-0.239075
2.95	-0.242669
2.96	-0.246227
2.97	-0.249748
2.98	-0.253232
2.99	-0.25668
3	-0.26009
3.01	-0.263463
3.02	-0.266799
3.03	-0.270097
3.04	-0.273357
3.05	-0.276579
3.06	-0.279763
3.07	-0.282908
3.08	-0.286015
3.09	-0.289084
3.1	-0.292114
3.11	-0.295104
3.12	-0.298056
3.13	-0.300969
3.14	-0.303842
3.15	-0.306676
3.16	-0.30947
3.17	-0.312224
3.18	-0.314939
3.19	-0.317613
3.2	-0.320248
3.21	-0.322842
3.22	-0.325396
3.23	-0.32791
3.24	-0.330383
3.25	-0.332815
3.26	-0.335207
3.27	-0.337558
3.28	-0.339868
3.29	-0.342137
3.3	-0.344365
3.31	-0.346552
3.32	-0.348698
3.33	-0.350802
3.34	-0.352865
3.35	-0.354887
3.36	-0.356867
3.37	-0.358806
3.38	-0.360703
3.39	-0.362559
3.4	-0.364373
3.41	-0.366145
3.42	-0.367875
3.43	-0.369564
3.44	-0.371211
3.45	-0.372816
3.46	-0.374379
3.47	-0.3759
3.48	-0.377379
3.49	-0.378817
3.5	-0.380212
3.51	-0.381566
3.52	-0.382877
3.53	-0.384147
3.54	-0.385374
3.55	-0.38656
3.56	-0.387704
3.57	-0.388806
3.58	-0.389866
3.59	-0.390884
3.6	-0.39186
3.61	-0.392794
3.62	-0.393687
3.63	-0.394537
3.64	-0.395346
3.65	-0.396114
3.66	-0.396839
3.67	-0.397523
3.68	-0.398166
3.69	-0.398767
3.7	-0.399326
3.71	-0.399844
3.72	-0.400321
3.73	-0.400757
3.74	-0.401151
3.75	-0.401504
3.76	-0.401816
3.77	-0.402088
3.78	-0.402318
3.79	-0.402508
3.8	-0.402656
3.81	-0.402765
3.82	-0.402833
3.83	-0.40286
3.84	-0.402847
3.85	-0.402794
3.86	-0.402701
3.87	-0.402567
3.88	-0.402394
3.89	-0.402182
3.9	-0.401929
3.91	-0.401637
3.92	-0.401306
3.93	-0.400935
3.94	-0.400526
3.95	-0.400077
3.96	-0.39959
3.97	-0.399064
3.98	-0.398499
3.99	-0.397896
4	-0.397255
4.01	-0.396576
4.02	-0.395858
4.03	-0.395103
4.04	-0.394311
4.05	-0.393481
4.06	-0.392614
4.07	-0.391709
4.08	-0.390768
4.09	-0.38979
4.1	-0.388776
4.11	-0.387725
4.12	-0.386638
4.13	-0.385515
4.14	-0.384356
4.15	-0.383162
4.16	-0.381932
4.17	-0.380667
4.18	-0.379367
4.19	-0.378032
4.2	-0.376663
4.21	-0.375259
4.22	-0.373821
4.23	-0.372349
4.24	-0.370844
4.25	-0.369305
4.26	-0.367733
4.27	-0.366127
4.28	-0.364489
4.29	-0.362819
4.3	-0.361116
4.31	-0.35938
4.32	-0.357613
4.33	-0.355815
4.34	-0.353985
4.35	-0.352123
4.36	-0.350231
4.37	-0.348309
4.38	-0.346355
4.39	-0.344372
4.4	-0.342359
4.41	-0.340316
4.42	-0.338244
4.43	-0.336143
4.44	-0.334013
4.45	-0.331854
4.46	-0.329667
4.47	-0.327452
4.48	-0.325209
4.49	-0.322939
4.5	-0.320642
4.51	-0.318317
4.52	-0.315966
4.53	-0.313589
4.54	-0.311185
4.55	-0.308756
4.56	-0.306301
4.57	-0.303821
4.58	-0.301316
4.59	-0.298787
4.6	-0.296233
4.61	-0.293655
4.62	-0.291053
4.63	-0.288428
4.64	-0.28578
4.65	-0.283108
4.66	-0.280415
4.67	-0.277699
4.68	-0.274961
4.69	-0.272201
4.7	-0.269421
4.71	-0.266619
4.72	-0.263796
4.73	-0.260954
4.74	-0.258091
4.75	-0.255208
4.76	-0.252306
4.77	-0.249385
4.78	-0.246445
4.79	-0.243486
4.8	-0.240509
4.81	-0.237515
4.82	-0.234503
4.83	-0.231474
4.84	-0.228428
4.85	-0.225365
4.86	-0.222287
4.87	-0.219192
4.88	-0.216082
4.89	-0.212956
4.9	-0.209816
4.91	-0.206661
4.92	-0.203492
4.93	-0.200309
4.94	-0.197113
4.95	-0.193903
4.96	-0.19068
4.97	-0.187445
4.98	-0.184198
4.99	-0.180938
5	-0.177667
5.01	-0.174385
5.02	-0.171092
5.03	-0.167789
5.04	-0.164475
5.05	-0.161152
5.06	-0.157818
5.07	-0.154476
5.08	-0.151125
5.09	-0.147765
5.1	-0.144398
5.11	-0.141022
5.12	-0.137639
5.13	-0.134249
5.14	-0.130852
5.15	-0.127448
5.16	-0.124038
5.17	-0.120623
5.18	-0.117202
5.19	-0.113776
5.2	-0.110345
5.21	-0.10691
5.22	-0.103471
5.23	-0.100028
5.24	-0.0965812
5.25	-0.0931316
5.26	-0.0896793
5.27	-0.0862246
5.28	-0.0827678
5.29	-0.0793093
5.3	-0.0758494
5.31	-0.0723885
5.32	-0.0689268
5.33	-0.0654647
5.34	-0.0620026
5.35	-0.0585408
5.36	-0.0550796
5.37	-0.0516193
5.38	-0.0481604
5.39	-0.044703
5.4	-0.0412476
5.41	-0.0377944
5.42	-0.0343439
5.43	-0.0308963
5.44	-0.0274519
5.45	-0.0240111
5.46	-0.0205742
5.47	-0.0171416
5.48	-0.0137135
5.49	-0.0102903
5.5	-0.00687232
5.51	-0.00345984
5.52	-5.32055e-05
5.53	0.00334727
5.54	0.00674127
5.55	0.0101285
5.56	0.0135086
5.57	0.0168812
5.58	0.0202462
5.59	0.0236031
5.6	0.0269516
5.61	0.0302914
5.62	0.0336223
5.63	0.0369439
5.64	0.040256
5.65	0.0435581
5.66	0.04685
5.67	0.0501315
5.68	0.0534021
5.69	0.0566617
5.7	0.0599099
5.71	0.0631464
5.72	0.0663709
5.73	0.0695832
5.74	0.0727829
5.75	0.0759698
5.76	0.0791435
5.77	0.0823039
5.78	0.0854505
5.79	0.0885832
5.8	0.0917016
5.81	0.0948054
5.82	0.0978945
5.83	0.100968
5.84	0.104027
5.85	0.10707
5.86	0.110097
5.87	0.113108
5.88	0.116103
5.89	0.11908
5.9	0.122041
5.91	0.124985
5.92	0.127911
5.93	0.13082
5.94	0.13371
5.95	0.136582
5.96	0.139436
5.97	0.142271
5.98	0.145088
5.99	0.147884
6	0.150662
6.01	0.15342
6.02	0.156158
6.03	0.158875
6.04	0.161573
6.05	0.16425
6.06	0.166906
6.07	0.16954
6.08	0.172154
6.09	0.174746
6.1	0.177317
6.11	0.179865
6.12	0.182391
6.13	0.184895
6.14	0.187377
6.15	0.189835
6.16	0.192271
6.17	0.194684
6.18	0.197073
6.19	0.199439
6.2	0.20178
6.21	0.204098
6.22	0.206392
6.23	0.208662
6.24	0.210907
6.25	0.213127
6.26	0.215323
6.27	0.217493
6.28	0.219638
6.29	0.221758
6.3	0.223853
6.31	0.225922
6.32	0.227964
6.33	0.229981
6.34	0.231972
6.35	0.233936
6.36	0.235874
6.37	0.237786
6.38	0.23967
6.39	0.241528
6.4	0.243358
6.41	0.245162
6.42	0.246938
6.43	0.248687
6.44	0.250408
6.45	0.252101
6.46	0.253767
6.47	0.255405
6.48	0.257014
6.49	0.258596
6.5	0.260149
6.51	0.261674
6.52	0.26317
6.53	0.264638
6.54	0.266077
6.55	0.267487
6.56	0.268869
6.57	0.270221
6.58	0.271544
6.59	0.272839
6.6	0.274104
6.61	0.275339
6.62	0.276546
6.63	0.277722
6.64	0.27887
6.65	0.279987
6.66	0.281075
6.67	0.282134
6.68	0.283162
6.69	0.284161
6.7	0.28513
6.71	0.286069
6.72	0.286978
6.73	0.287857
6.74	0.288706
6.75	0.289524
6.76	0.290313
6.77	0.291071
6.78	0.2918
6.79	0.292498
6.8	0.293165
6.81	0.293803
6.82	0.29441
6.83	0.294987
6.84	0.295533
6.85	0.29605
6.86	0.296535
6.87	0.296991
6.88	0.297416
6.89	0.297811
6.9	0.298175
6.91	0.29851
6.92	0.298814
6.93	0.299087
6.94	0.29933
6.95	0.299543
6.96	0.299726
6.97	0.299879
6.98	0.300001
6.99	0.300093
7	0.300156
7.01	0.300188
7.02	0.30019
7.03	0.300162
7.04	0.300104
7.05	0.300016
7.06	0.299898
7.07	0.299751
7.08	0.299573
7.09	0.299366
7.1	0.29913
7.11	0.298864
7.12	0.298568
7.13	0.298243
7.14	0.297889
7.15	0.297505
7.16	0.297092
7.17	0.29665
7.18	0.296179
7.19	0.295679
7.2	0.29515
7.21	0.294593
7.22	0.294007
7.23	0.293392
7.24	0.292749
7.25	0.292077
7.26	0.291377
7.27	0.290649
7.28	0.289893
7.29	0.289109
7.3	0.288297
7.31	0.287458
7.32	0.286591
7.33	0.285696
7.34	0.284774
7.35	0.283825
7.36	0.282849
7.37	0.281846
7.38	0.280816
7.39	0.279759
7.4	0.278676
7.41	0.277567
7.42	0.276431
7.43	0.275269
7.44	0.274081
7.45	0.272868
7.46	0.271629
7.47	0.270364
7.48	0.269074
7.49	0.267759
7.5	0.266418
7.51	0.265053
7.52	0.263664
7.53	0.262249
7.54	0.260811
7.55	0.259348
7.56	0.257862
7.57	0.256351
7.58	0.254817
7.59	0.25326
7.6	0.251679
7.61	0.250075
7.62	0.248448
7.63	0.246799
7.64	0.245127
7.65	0.243432
7.66	0.241716
7.67	0.239978
7.68	0.238218
7.69	0.236436
7.7	0.234633
7.71	0.232809
7.72	0.230965
7.73	0.229099
7.74	0.227213
7.75	0.225307
7.76	0.22338
7.77	0.221434
7.78	0.219468
7.79	0.217483
7.8	0.215479
7.81	0.213455
7.82	0.211413
7.83	0.209353
7.84	0.207274
7.85	0.205177
7.86	0.203062
7.87	0.200929
7.88	0.19878
7.89	0.196613
7.9	0.194429
7.91	0.192228
7.92	0.190011
7.93	0.187778
7.94	0.185529
7.95	0.183264
7.96	0.180984
7.97	0.178689
7.98	0.176378
7.99	0.174053
8	0.171713
8.01	0.169359
8.02	0.166991
8.03	0.16461
8.04	0.162215
8.05	0.159806
8.06	0.157385
8.07	0.154951
8.08	0.152504
8.09	0.150045
8.1	0.147575
8.11	0.145092
8.12	0.142598
8.13	0.140093
8.14	0.137577
8.15	0.135051
8.16	0.132514
8.17	0.129967
8.18	0.127409
8.19	0.124843
8.2	0.122267
8.21	0.119682
8.22	0.117088
8.23	0.114485
8.24	0.111875
8.25	0.109256
8.26	0.10663
8.27	0.103996
8.28	0.101354
8.29	0.0987063
8.3	0.0960516
8.31	0.0933904
8.32	0.0907231
8.33	0.0880499
8.34	0.0853711
8.35	0.082687
8.36	0.0799979
8.37	0.077304
8.38	0.0746055
8.39	0.0719029
8.4	0.0691962
8.41	0.0664859
8.42	0.0637721
8.43	0.0610552
8.44	0.0583355
8.45	0.0556131
8.46	0.0528883
8.47	0.0501615
8.48	0.0474329
8.49	0.0447028
8.5	0.0419714
8.51	0.0392391
8.52	0.036506
8.53	0.0337725
8.54	0.0310388
8.55	0.0283052
8.56	0.025572
8.57	0.0228394
8.58	0.0201077
8.59	0.0173772
8.6	0.0146481
8.61	0.0119208
8.62	0.00919538
8.63	0.00647223
8.64	0.00375159
8.65	0.00103372
8.66	-0.00168111
8.67	-0.00439264
8.68	-0.00710061
8.69	-0.00980475
8.7	-0.0125048
8.71	-0.0152005
8.72	-0.0178916
8.73	-0.0205778
8.74	-0.0232589
8.75	-0.0259346
8.76	-0.0286046
8.77	-0.0312687
8.78	-0.0339267
8.79	-0.0365783
8.8	-0.0392232
8.81	-0.0418611
8.82	-0.0444919
8.83	-0.0471153
8.84	-0.049731
8.85	-0.0523387
8.86	-0.0549383
8.87	-0.0575295
8.88	-0.0601119
8.89	-0.0626855
8.9	-0.0652499
8.91	-0.0678049
8.92	-0.0703503
8.93	-0.0728858
8.94	-0.0754112
8.95	-0.0779262
8.96	-0.0804306
8.97	-0.0829242
8.98	-0.0854067
8.99	-0.0878779
9	-0.0903376
9.01	-0.0927855
9.02	-0.0952214
9.03	-0.0976451
9.04	-0.100056
9.05	-0.102455
9.06	-0.104841
9.07	-0.107213
9.08	-0.109573
9.09	-0.111918
9.1	-0.11425
9.11	-0.116568
9.12	-0.118872
9.13	-0.121162
9.14	-0.123436
9.15	-0.125696
9.16	-0.127941
9.17	-0.130171
9.18	-0.132385
9.19	-0.134584
9.2	-0.136766
9.21	-0.138933
9.22	-0.141084
9.23	-0.143218
9.24	-0.145335
9.25	-0.147436
9.26	-0.149519
9.27	-0.151586
9.28	-0.153635
9.29	-0.155666
9.3	-0.15768
9.31	-0.159676
9.32	-0.161653
9.33	-0.163613
9.34	-0.165554
9.35	-0.167476
9.36	-0.16938
9.37	-0.171264
9.38	-0.17313
9.39	-0.174976
9.4	-0.176803
9.41	-0.17861
9.42	-0.180397
9.43	-0.182165
9.44	-0.183912
9.45	-0.185639
9.46	-0.187346
9.47	-0.189032
9.48	-0.190697
9.49	-0.192342
9.5	-0.193966
9.51	-0.195569
9.52	-0.19715
9.53	-0.19871
9.54	-0.200249
9.55	-0.201766
9.56	-0.203261
9.57	-0.204734
9.58	-0.206185
9.59	-0.207615
9.6	-0.209021
9.61	-0.210406
9.62	-0.211768
9.63	-0.213108
9.64	-0.214425
9.65	-0.215719
9.66	-0.21699
9.67	-0.218238
9.68	-0.219463
9.69	-0.220665
9.7	-0.221843
9.71	-0.222999
9.72	-0.22413
9.73	-0.225238
9.74	-0.226323
9.75	-0.227384
9.76	-0.22842
9.77	-0.229433
9.78	-0.230423
9.79	-0.231388
9.8	-0.232328
9.81	-0.233245
9.82	-0.234138
9.83	-0.235006
9.84	-0.23585
9.85	-0.236669
9.86	-0.237464
9.87	-0.238234
9.88	-0.23898
9.89	-0.239701
9.9	-0.240398
9.91	-0.241069
9.92	-0.241716
9.93	-0.242338
9.94	-0.242936
9.95	-0.243508
9.96	-0.244055
9.97	-0.244578
9.98	-0.245075
9.99	-0.245548
10	-0.245996
