0.01	1
0.02	0.999772
0.03	0.999178
0.04	0.998267
0.05	0.997056
0.06	0.995551
0.07	0.993756
0.08	0.991674
0.09	0.989308
0.1	0.98666
0.11	0.983731
0.12	0.980523
0.13	0.977037
0.14	0.973277
0.15	0.969243
0.16	0.964937
0.17	0.960361
0.18	0.955518
0.19	0.95041
0.2	0.945038
0.21	0.939405
0.22	0.933515
0.23	0.927368
0.24	0.920968
0.25	0.914318
0.26	0.90742
0.27	0.900277
0.28	0.892893
0.29	0.885271
0.3	0.877414
0.31	0.869324
0.32	0.861007
0.33	0.852464
0.34	0.8437
0.35	0.834719
0.36	0.825524
0.37	0.81612
0.38	0.806509
0.39	0.796697
0.4	0.786686
0.41	0.776483
0.42	0.76609
0.43	0.755513
0.44	0.744755
0.45	0.733821
0.46	0.722716
0.47	0.711444
0.48	0.700011
0.49	0.68842
0.5	0.676677
0.51	0.664787
0.52	0.652754
0.53	0.640584
0.54	0.628281
0.55	0.615851
0.56	0.603299
0.57	0.59063
0.58	0.577849
0.59	0.564962
0.6	0.551973
0.61	0.538889
0.62	0.525715
0.63	0.512456
0.64	0.499117
0.65	0.485704
0.66	0.472222
0.67	0.458678
0.68	0.445076
0.69	0.431422
0.7	0.417721
0.71	0.40398
0.72	0.390203
0.73	0.376397
0.74	0.362566
0.75	0.348717
0.76	0.334855
0.77	0.320985
0.78	0.307114
0.79	0.293246
0.8	0.279387
0.81	0.265543
0.82	0.251719
0.83	0.237921
0.84	0.224154
0.85	0.210424
0.86	0.196735
0.87	0.183094
0.88	0.169506
0.89	0.155975
0.9	0.142508
0.91	0.129109
0.92	0.115784
0.93	0.102537
0.94	0.0893748
0.95	0.076301
0.96	0.0633211
0.97	0.05044
0.98	0.0376626
0.99	0.0249936
1	0.0124378
1.01	-1.34081e-08
1.02	-0.0123153
1.03	-0.0245035
1.04	-0.0365601
1.05	-0.0484807
1.06	-0.060261
1.07	-0.0718966
1.08	-0.0833834
1.09	-0.0947172
1.1	-0.105894
1.11	-0.11691
1.12	-0.127761
1.13	-0.138444
1.14	-0.148954
1.15	-0.159288
1.16	-0.169443
1.17	-0.179415
1.18	-0.189201
1.19	-0.198798
1.2	-0.208202
1.21	-0.21741
1.22	-0.22642
1.23	-0.235228
1.24	-0.243832
1.25	-0.252229
1.26	-0.260417
1.27	-0.268393
1.28	-0.276155
1.29	-0.283701
1.3	-0.291028
1.31	-0.298134
1.32	-0.305018
1.33	-0.311678
1.34	-0.318111
1.35	-0.324317
1.36	-0.330294
1.37	-0.336041
1.38	-0.341556
1.39	-0.346838
1.4	-0.351886
1.41	-0.3567
1.42	-0.361278
1.43	-0.36562
1.44	-0.369724
1.45	-0.373592
1.46	-0.377221
1.47	-0.380613
1.48	-0.383767
1.49	-0.386682
1.5	-0.38936
1.51	-0.391799
1.52	-0.394001
1.53	-0.395966
1.54	-0.397694
1.55	-0.399186
1.56	-0.400443
1.57	-0.401466
1.58	-0.402255
1.59	-0.402812
1.6	-0.403137
1.61	-0.403233
1.62	-0.4031
1.63	-0.40274
1.64	-0.402155
1.65	-0.401345
1.66	-0.400314
1.67	-0.399062
1.68	-0.397593
1.69	-0.395907
1.7	-0.394007
1.71	-0.391896
1.72	-0.389575
1.73	-0.387048
1.74	-0.384316
1.75	-0.381383
1.76	-0.37825
1.77	-0.374922
1.78	-0.3714
1.79	-0.367688
1.8	-0.363789
1.81	-0.359705
1.82	-0.355441
1.83	-0.350999
1.84	-0.346382
1.85	-0.341595
1.86	-0.336641
1.87	-0.331522
1.88	-0.326243
1.89	-0.320808
1.9	-0.31522
1.91	-0.309483
1.92	-0.303601
1.93	-0.297578
1.94	-0.291418
1.95	-0.285124
1.96	-0.278702
1.97	-0.272154
1.98	-0.265486
1.99	-0.258701
2	-0.251803
2.01	-0.244798
2.02	-0.237689
2.03	-0.230481
2.04	-0.223177
2.05	-0.215783
2.06	-0.208303
2.07	-0.200742
2.08	-0.193103
2.09	-0.185392
2.1	-0.177612
2.11	-0.169769
2.12	-0.161867
2.13	-0.153911
2.14	-0.145905
2.15	-0.137853
2.16	-0.129761
2.17	-0.121633
2.18	-0.113474
2.19	-0.105287
2.2	-0.0970787
2.21	-0.0888524
2.22	-0.0806129
2.23	-0.0723649
2.24	-0.0641128
2.25	-0.0558611
2.26	-0.0476145
2.27	-0.0393773
2.28	-0.0311541
2.29	-0.0229492
2.3	-0.0147671
2.31	-0.00661212
2.32	0.00151137
2.33	0.00959907
2.34	0.0176467
2.35	0.02565
2.36	0.0336049
2.37	0.041507
2.38	0.0493524
2.39	0.057137
2.4	0.0648568
2.41	0.0725077
2.42	0.0800859
2.43	0.0875876
2.44	0.0950089
2.45	0.102346
2.46	0.109595
2.47	0.116753
2.48	0.123816
2.49	0.130781
2.5	0.137643
2.51	0.1444
2.52	0.151049
2.53	0.157586
2.54	0.164007
2.55	0.170311
2.56	0.176494
2.57	0.182553
2.58	0.188484
2.59	0.194287
2.6	0.199956
2.61	0.205491
2.62	0.210889
2.63	0.216146
2.64	0.221261
2.65	0.226232
2.66	0.231056
2.67	0.235731
2.68	0.240255
2.69	0.244626
2.7	0.248843
2.71	0.252903
2.72	0.256805
2.73	0.260547
2.74	0.264128
2.75	0.267547
2.76	0.270801
2.77	0.273891
2.78	0.276814
2.79	0.279571
2.8	0.282159
2.81	0.284578
2.82	0.286827
2.83	0.288906
2.84	0.290815
2.85	0.292552
2.86	0.294117
2.87	0.29551
2.88	0.296731
2.89	0.29778
2.9	0.298657
2.91	0.299361
2.92	0.299894
2.93	0.300255
2.94	0.300445
2.95	0.300464
2.96	0.300313
2.97	0.299993
2.98	0.299503
2.99	0.298846
3	0.298022
3.01	0.297032
3.02	0.295876
3.03	0.294558
3.04	0.293076
3.05	0.291434
3.06	0.289632
3.07	0.287672
3.08	0.285556
3.09	0.283284
3.1	0.28086
3.11	0.278284
3.12	0.275559
3.13	0.272687
3.14	0.26967
3.15	0.266509
3.16	0.263208
3.17	0.259768
3.18	0.256192
3.19	0.252481
3.2	0.24864
3.21	0.24467
3.22	0.240573
3.23	0.236353
3.24	0.232013
3.25	0.227554
3.26	0.22298
3.27	0.218294
3.28	0.213499
3.29	0.208597
3.3	0.203592
3.31	0.198487
3.32	0.193285
3.33	0.187989
3.34	0.182602
3.35	0.177129
3.36	0.171571
3.37	0.165933
3.38	0.160217
3.39	0.154428
3.4	0.148568
3.41	0.142641
3.42	0.136651
3.43	0.130601
3.44	0.124494
3.45	0.118335
3.46	0.112127
3.47	0.105873
3.48	0.0995766
3.49	0.0932424
3.5	0.0868735
3.51	0.0804735
3.52	0.0740462
3.53	0.0675952
3.54	0.0611241
3.55	0.0546367
3.56	0.0481366
3.57	0.0416275
3.58	0.035113
3.59	0.0285968
3.6	0.0220825
3.61	0.0155738
3.62	0.00907428
3.63	0.00258754
3.64	-0.00388282
3.65	-0.0103332
3.66	-0.0167601
3.67	-0.02316
3.68	-0.0295294
3.69	-0.0358647
3.7	-0.0421626
3.71	-0.0484196
3.72	-0.0546323
3.73	-0.0607974
3.74	-0.0669116
3.75	-0.0729716
3.76	-0.0789741
3.77	-0.0849159
3.78	-0.0907939
3.79	-0.0966049
3.8	-0.102346
3.81	-0.108014
3.82	-0.113606
3.83	-0.119119
3.84	-0.12455
3.85	-0.129896
3.86	-0.135155
3.87	-0.140324
3.88	-0.1454
3.89	-0.150381
3.9	-0.155264
3.91	-0.160046
3.92	-0.164725
3.93	-0.169299
3.94	-0.173766
3.95	-0.178123
3.96	-0.182368
3.97	-0.186499
3.98	-0.190514
3.99	-0.194411
4	-0.198188
4.01	-0.201844
4.02	-0.205376
4.03	-0.208783
4.04	-0.212063
4.05	-0.215215
4.06	-0.218237
4.07	-0.221128
4.08	-0.223887
4.09	-0.226513
4.1	-0.229003
4.11	-0.231358
4.12	-0.233576
4.13	-0.235657
4.14	-0.237599
4.15	-0.239401
4.16	-0.241064
4.17	-0.242586
4.18	-0.243967
4.19	-0.245207
4.2	-0.246305
4.21	-0.247261
4.22	-0.248074
4.23	-0.248745
4.24	-0.249273
4.25	-0.249659
4.26	-0.249903
4.27	-0.250004
4.28	-0.249964
4.29	-0.249782
4.3	-0.249459
4.31	-0.248996
4.32	-0.248393
4.33	-0.24765
4.34	-0.246769
4.35	-0.24575
4.36	-0.244594
4.37	-0.243302
4.38	-0.241875
4.39	-0.240315
4.4	-0.238622
4.41	-0.236798
4.42	-0.234843
4.43	-0.23276
4.44	-0.23055
4.45	-0.228215
4.46	-0.225755
4.47	-0.223173
4.48	-0.22047
4.49	-0.217648
4.5	-0.21471
4.51	-0.211656
4.52	-0.208489
4.53	-0.205211
4.54	-0.201824
4.55	-0.19833
4.56	-0.194731
4.57	-0.19103
4.58	-0.187229
4.59	-0.18333
4.6	-0.179336
4.61	-0.175249
4.62	-0.171071
4.63	-0.166806
4.64	-0.162455
4.65	-0.158022
4.66	-0.153508
4.67	-0.148917
4.68	-0.144252
4.69	-0.139515
4.7	-0.134709
4.71	-0.129837
4.72	-0.124902
4.73	-0.119906
4.74	-0.114853
4.75	-0.109746
4.76	-0.104587
4.77	-0.0993798
4.78	-0.0941272
4.79	-0.0888322
4.8	-0.0834979
4.81	-0.0781274
4.82	-0.0727239
4.83	-0.0672903
4.84	-0.0618298
4.85	-0.0563456
4.86	-0.0508408
4.87	-0.0453184
4.88	-0.0397818
4.89	-0.0342339
4.9	-0.028678
4.91	-0.0231171
4.92	-0.0175545
4.93	-0.0119932
4.94	-0.00643636
4.95	-0.00088713
4.96	0.0046514
4.97	0.0101761
4.98	0.015684
4.99	0.0211719
5	0.0266369
5.01	0.0320758
5.02	0.0374858
5.03	0.0428637
5.04	0.0482066
5.05	0.0535117
5.06	0.0587759
5.07	0.0639965
5.08	0.0691705
5.09	0.0742951
5.1	0.0793676
5.11	0.0843852
5.12	0.0893452
5.13	0.0942449
5.14	0.0990816
5.15	0.103853
5.16	0.108556
5.17	0.113188
5.18	0.117748
5.19	0.122232
5.2	0.126638
5.21	0.130964
5.22	0.135207
5.23	0.139366
5.24	0.143437
5.25	0.14742
5.26	0.151312
5.27	0.15511
5.28	0.158813
5.29	0.16242
5.3	0.165927
5.31	0.169334
5.32	0.172639
5.33	0.175839
5.34	0.178934
5.35	0.181922
5.36	0.184801
5.37	0.18757
5.38	0.190228
5.39	0.192773
5.4	0.195204
5.41	0.19752
5.42	0.199719
5.43	0.201802
5.44	0.203766
5.45	0.205611
5.46	0.207337
5.47	0.208942
5.48	0.210425
5.49	0.211786
5.5	0.213025
5.51	0.214142
5.52	0.215134
5.53	0.216003
5.54	0.216748
5.55	0.217369
5.56	0.217866
5.57	0.218238
5.58	0.218486
5.59	0.21861
5.6	0.21861
5.61	0.218486
5.62	0.218238
5.63	0.217867
5.64	0.217373
5.65	0.216757
5.66	0.216019
5.67	0.21516
5.68	0.214181
5.69	0.213082
5.7	0.211865
5.71	0.210529
5.72	0.209076
5.73	0.207508
5.74	0.205825
5.75	0.204028
5.76	0.202118
5.77	0.200097
5.78	0.197967
5.79	0.195728
5.8	0.193382
5.81	0.19093
5.82	0.188374
5.83	0.185716
5.84	0.182958
5.85	0.1801
5.86	0.177145
5.87	0.174095
5.88	0.170952
5.89	0.167717
5.9	0.164392
5.91	0.16098
5.92	0.157482
5.93	0.153901
5.94	0.150239
5.95	0.146498
5.96	0.142681
5.97	0.138788
5.98	0.134824
5.99	0.13079
6	0.126688
6.01	0.122522
6.02	0.118293
6.03	0.114004
6.04	0.109658
6.05	0.105256
6.06	0.100802
6.07	0.0962988
6.08	0.0917481
6.09	0.0871529
6.1	0.0825158
6.11	0.0778396
6.12	0.0731269
6.13	0.0683805
6.14	0.0636031
6.15	0.0587974
6.16	0.0539662
6.17	0.0491123
6.18	0.0442383
6.19	0.0393472
6.2	0.0344417
6.21	0.0295246
6.22	0.0245987
6.23	0.0196667
6.24	0.0147316
6.25	0.00979592
6.26	0.00486263
6.27	-6.55507e-05
6.28	-0.00498584
6.29	-0.00989547
6.3	-0.0147917
6.31	-0.0196718
6.32	-0.024533
6.33	-0.0293726
6.34	-0.0341879
6.35	-0.0389763
6.36	-0.043735
6.37	-0.0484615
6.38	-0.0531531
6.39	-0.0578073
6.4	-0.0624214
6.41	-0.0669929
6.42	-0.0715194
6.43	-0.0759983
6.44	-0.0804271
6.45	-0.0848035
6.46	-0.0891251
6.47	-0.0933895
6.48	-0.0975943
6.49	-0.101737
6.5	-0.105816
6.51	-0.109829
6.52	-0.113774
6.53	-0.117648
6.54	-0.121449
6.55	-0.125176
6.56	-0.128826
6.57	-0.132397
6.58	-0.135888
6.59	-0.139297
6.6	-0.142622
6.61	-0.14586
6.62	-0.149012
6.63	-0.152074
6.64	-0.155045
6.65	-0.157924
6.66	-0.160709
6.67	-0.163399
6.68	-0.165992
6.69	-0.168487
6.7	-0.170883
6.71	-0.173179
6.72	-0.175373
6.73	-0.177465
6.74	-0.179452
6.75	-0.181336
6.76	-0.183113
6.77	-0.184784
6.78	-0.186348
6.79	-0.187804
6.8	-0.189152
6.81	-0.19039
6.82	-0.191519
6.83	-0.192538
6.84	-0.193445
6.85	-0.194242
6.86	-0.194928
6.87	-0.195502
6.88	-0.195965
6.89	-0.196316
6.9	-0.196555
6.91	-0.196682
6.92	-0.196698
6.93	-0.196602
6.94	-0.196395
6.95	-0.196077
6.96	-0.195649
6.97	-0.19511
6.98	-0.194461
6.99	-0.193703
7	-0.192836
7.01	-0.191862
7.02	-0.19078
7.03	-0.189591
7.04	-0.188297
7.05	-0.186897
7.06	-0.185394
7.07	-0.183788
7.08	-0.18208
7.09	-0.180271
7.1	-0.178363
7.11	-0.176356
7.12	-0.174252
7.13	-0.172053
7.14	-0.169758
7.15	-0.167371
7.16	-0.164893
7.17	-0.162324
7.18	-0.159667
7.19	-0.156923
7.2	-0.154094
7.21	-0.151182
7.22	-0.148188
7.23	-0.145114
7.24	-0.141962
7.25	-0.138734
7.26	-0.135432
7.27	-0.132058
7.28	-0.128614
7.29	-0.125101
7.3	-0.121522
7.31	-0.11788
7.32	-0.114175
7.33	-0.110411
7.34	-0.106589
7.35	-0.102713
7.36	-0.0987829
7.37	-0.0948025
7.38	-0.0907738
7.39	-0.0866991
7.4	-0.0825807
7.41	-0.0784212
7.42	-0.0742228
7.43	-0.069988
7.44	-0.0657192
7.45	-0.0614189
7.46	-0.0570896
7.47	-0.0527337
7.48	-0.0483538
7.49	-0.0439523
7.5	-0.0395318
7.51	-0.0350947
7.52	-0.0306437
7.53	-0.0261812
7.54	-0.0217099
7.55	-0.0172321
7.56	-0.0127505
7.57	-0.00826758
7.58	-0.00378591
7.59	0.000692005
7.6	0.00516363
7.61	0.00962644
7.62	0.0140779
7.63	0.0185156
7.64	0.022937
7.65	0.0273396
7.66	0.031721
7.67	0.0360786
7.68	0.0404101
7.69	0.0447131
7.7	0.0489852
7.71	0.053224
7.72	0.0574271
7.73	0.0615922
7.74	0.065717
7.75	0.0697992
7.76	0.0738367
7.77	0.077827
7.78	0.0817682
7.79	0.0856579
7.8	0.0894941
7.81	0.0932747
7.82	0.0969976
7.83	0.100661
7.84	0.104262
7.85	0.1078
7.86	0.111272
7.87	0.114677
7.88	0.118012
7.89	0.121276
7.9	0.124468
7.91	0.127584
7.92	0.130625
7.93	0.133588
7.94	0.136471
7.95	0.139273
7.96	0.141993
7.97	0.144629
7.98	0.147179
7.99	0.149643
8	0.15202
8.01	0.154307
8.02	0.156503
8.03	0.158609
8.04	0.160621
8.05	0.162541
8.06	0.164365
8.07	0.166095
8.08	0.167728
8.09	0.169264
8.1	0.170702
8.11	0.172041
8.12	0.173282
8.13	0.174422
8.14	0.175463
8.15	0.176403
8.16	0.177241
8.17	0.177978
8.18	0.178614
8.19	0.179147
8.2	0.179578
8.21	0.179907
8.22	0.180134
8.23	0.180258
8.24	0.180279
8.25	0.180199
8.26	0.180017
8.27	0.179732
8.28	0.179347
8.29	0.17886
8.3	0.178272
8.31	0.177584
8.32	0.176796
8.33	0.175909
8.34	0.174923
8.35	0.17384
8.36	0.172659
8.37	0.171381
8.38	0.170008
8.39	0.168541
8.4	0.166979
8.41	0.165325
8.42	0.163579
8.43	0.161742
8.44	0.159816
8.45	0.157802
8.46	0.1557
8.47	0.153513
8.48	0.151241
8.49	0.148887
8.5	0.14645
8.51	0.143934
8.52	0.141339
8.53	0.138666
8.54	0.135919
8.55	0.133097
8.56	0.130204
8.57	0.12724
8.58	0.124207
8.59	0.121108
8.6	0.117943
8.61	0.114716
8.62	0.111427
8.63	0.108078
8.64	0.104673
8.65	0.101211
8.66	0.097697
8.67	0.0941312
8.68	0.0905162
8.69	0.086854
8.7	0.0831469
8.71	0.0793968
8.72	0.0756061
8.73	0.0717769
8.74	0.0679113
8.75	0.0640117
8.76	0.0600803
8.77	0.0561193
8.78	0.052131
8.79	0.0481177
8.8	0.0440817
8.81	0.0400253
8.82	0.0359508
8.83	0.0318606
8.84	0.0277569
8.85	0.0236421
8.86	0.0195186
8.87	0.0153886
8.88	0.0112546
8.89	0.00711891
8.9	0.00298379
8.91	-0.00114838
8.92	-0.00527525
8.93	-0.00939452
8.94	-0.0135038
8.95	-0.0176009
8.96	-0.0216835
8.97	-0.0257491
8.98	-0.0297957
8.99	-0.0338209
9	-0.0378224
9.01	-0.0417981
9.02	-0.0457456
9.03	-0.0496628
9.04	-0.0535476
9.05	-0.0573977
9.06	-0.061211
9.07	-0.0649855
9.08	-0.0687189
9.09	-0.0724093
9.1	-0.0760546
9.11	-0.0796527
9.12	-0.0832018
9.13	-0.0866998
9.14	-0.0901449
9.15	-0.0935351
9.16	-0.0968686
9.17	-0.100144
9.18	-0.103358
9.19	-0.106511
9.2	-0.109599
9.21	-0.112623
9.22	-0.115579
9.23	-0.118466
9.24	-0.121283
9.25	-0.124029
9.26	-0.126701
9.27	-0.129298
9.28	-0.131819
9.29	-0.134263
9.3	-0.136629
9.31	-0.138914
9.32	-0.141118
9.33	-0.143239
9.34	-0.145277
9.35	-0.147231
9.36	-0.149099
9.37	-0.150881
9.38	-0.152575
9.39	-0.154181
9.4	-0.155698
9.41	-0.157125
9.42	-0.158461
9.43	-0.159706
9.44	-0.160859
9.45	-0.16192
9.46	-0.162888
9.47	-0.163763
9.48	-0.164544
9.49	-0.165231
9.5	-0.165823
9.51	-0.166321
9.52	-0.166724
9.53	-0.167032
9.54	-0.167245
9.55	-0.167363
9.56	-0.167386
9.57	-0.167314
9.58	-0.167148
9.59	-0.166887
9.6	-0.166531
9.61	-0.166082
9.62	-0.165539
9.63	-0.164902
9.64	-0.164173
9.65	-0.163352
9.66	-0.162438
9.67	-0.161434
9.68	-0.160339
9.69	-0.159155
9.7	-0.157881
9.71	-0.156519
9.72	-0.15507
9.73	-0.153535
9.74	-0.151914
9.75	-0.150208
9.76	-0.14842
9.77	-0.146549
9.78	-0.144596
9.79	-0.142564
9.8	-0.140453
9.81	-0.138265
9.82	-0.136001
9.83	-0.133661
9.84	-0.131249
9.85	-0.128764
9.86	-0.126209
9.87	-0.123585
9.88	-0.120893
9.89	-0.118136
9.9	-0.115315
9.91	-0.112431
9.92	-0.109486
9.93	-0.106482
9.94	-0.103421
9.95	-0.100305
9.96	-0.0971342
9.97	-0.0939119
9.98	-0.0906396
9.99	-0.0873192
10	-0.0839527
0.01	1
0.02	0.998796
0.03	0.995669
0.04	0.990882
0.05	0.984525
0.06	0.976648
0.07	0.967289
0.08	0.956479
0.09	0.944251
0.1	0.930636
0.11	0.915668
0.12	0.899384
0.13	0.881823
0.14	0.863024
0.15	0.843032
0.16	0.821891
0.17	0.799649
0.18	0.776357
0.19	0.752066
0.2	0.72683
0.21	0.700706
0.22	0.673752
0.23	0.646027
0.24	0.617592
0.25	0.588509
0.26	0.558842
0.27	0.528657
0.28	0.498017
0.29	0.466991
0.3	0.435644
0.31	0.404044
0.32	0.372259
0.33	0.340356
0.34	0.308404
0.35	0.27647
0.36	0.24462
0.37	0.212922
0.38	0.181442
0.39	0.150244
0.4	0.119392
0.41	0.0889502
0.42	0.0589791
0.43	0.0295389
0.44	0.000688391
0.45	-0.0275158
0.46	-0.0550187
0.47	-0.0817675
0.48	-0.107711
0.49	-0.132801
0.5	-0.156992
0.51	-0.180238
0.52	-0.2025
0.53	-0.223738
0.54	-0.243917
0.55	-0.263003
0.56	-0.280966
0.57	-0.297779
0.58	-0.313417
0.59	-0.327859
0.6	-0.341087
0.61	-0.353085
0.62	-0.363841
0.63	-0.373346
0.64	-0.381594
0.65	-0.388583
0.66	-0.394312
0.67	-0.398786
0.68	-0.40201
0.69	-0.403994
0.7	-0.404751
0.71	-0.404296
0.72	-0.402648
0.73	-0.399827
0.74	-0.395857
0.75	-0.390766
0.76	-0.384581
0.77	-0.377336
0.78	-0.369064
0.79	-0.3598
0.8	-0.349585
0.81	-0.338458
0.82	-0.326463
0.83	-0.313643
0.84	-0.300044
0.85	-0.285715
0.86	-0.270705
0.87	-0.255064
0.88	-0.238843
0.89	-0.222096
0.9	-0.204876
0.91	-0.187238
0.92	-0.169235
0.93	-0.150924
0.94	-0.13236
0.95	-0.1136
0.96	-0.0946974
0.97	-0.0757095
0.98	-0.0566913
0.99	-0.0376975
1	-0.0187826
1.01	1.44538e-08
1.02	0.0185976
1.03	0.0369584
1.04	0.0550318
1.05	0.0727686
1.06	0.0901209
1.07	0.107042
1.08	0.123487
1.09	0.139414
1.1	0.15478
1.11	0.169546
1.12	0.183676
1.13	0.197134
1.14	0.209886
1.15	0.221902
1.16	0.233154
1.17	0.243616
1.18	0.253263
1.19	0.262075
1.2	0.270034
1.21	0.277122
1.22	0.283328
1.23	0.288639
1.24	0.293048
1.25	0.29655
1.26	0.29914
1.27	0.30082
1.28	0.301591
1.29	0.301458
1.3	0.300428
1.31	0.298512
1.32	0.295722
1.33	0.292072
1.34	0.28758
1.35	0.282264
1.36	0.276148
1.37	0.269254
1.38	0.261608
1.39	0.253238
1.4	0.244175
1.41	0.234448
1.42	0.224092
1.43	0.213141
1.44	0.201632
1.45	0.189602
1.46	0.177089
1.47	0.164135
1.48	0.15078
1.49	0.137065
1.5	0.123034
1.51	0.108729
1.52	0.0941952
1.53	0.0794759
1.54	0.0646157
1.55	0.0496592
1.56	0.0346509
1.57	0.0196353
1.58	0.00465658
1.59	-0.0102415
1.6	-0.0250158
1.61	-0.0396234
1.62	-0.0540225
1.63	-0.068172
1.64	-0.0820319
1.65	-0.0955631
1.66	-0.108728
1.67	-0.121489
1.68	-0.133813
1.69	-0.145664
1.7	-0.157012
1.71	-0.167825
1.72	-0.178074
1.73	-0.187734
1.74	-0.196779
1.75	-0.205185
1.76	-0.212932
1.77	-0.22
1.78	-0.226373
1.79	-0.232035
1.8	-0.236974
1.81	-0.24118
1.82	-0.244643
1.83	-0.247359
1.84	-0.249322
1.85	-0.250531
1.86	-0.250987
1.87	-0.250693
1.88	-0.249652
1.89	-0.247874
1.9	-0.245365
1.91	-0.242138
1.92	-0.238207
1.93	-0.233585
1.94	-0.228292
1.95	-0.222344
1.96	-0.215765
1.97	-0.208575
1.98	-0.200801
1.99	-0.192466
2	-0.1836
2.01	-0.17423
2.02	-0.164388
2.03	-0.154104
2.04	-0.143411
2.05	-0.132343
2.06	-0.120934
2.07	-0.10922
2.08	-0.0972361
2.09	-0.0850201
2.1	-0.072609
2.11	-0.0600403
2.12	-0.0473521
2.13	-0.0345823
2.14	-0.0217692
2.15	-0.00895099
2.16	0.00383447
2.17	0.0165494
2.18	0.0291566
2.19	0.0416191
2.2	0.0539007
2.21	0.0659659
2.22	0.0777799
2.23	0.0893089
2.24	0.10052
2.25	0.111381
2.26	0.121862
2.27	0.131934
2.28	0.141567
2.29	0.150736
2.3	0.159416
2.31	0.167583
2.32	0.175214
2.33	0.18229
2.34	0.188792
2.35	0.194704
2.36	0.200009
2.37	0.204696
2.38	0.208752
2.39	0.212169
2.4	0.214939
2.41	0.217056
2.42	0.218516
2.43	0.219319
2.44	0.219465
2.45	0.218955
2.46	0.217795
2.47	0.215989
2.48	0.213547
2.49	0.210477
2.5	0.206792
2.51	0.202504
2.52	0.19763
2.53	0.192185
2.54	0.186189
2.55	0.179661
2.56	0.172622
2.57	0.165096
2.58	0.157107
2.59	0.14868
2.6	0.139842
2.61	0.13062
2.62	0.121044
2.63	0.111144
2.64	0.10095
2.65	0.0904926
2.66	0.079805
2.67	0.0689195
2.68	0.057869
2.69	0.0466871
2.7	0.0354073
2.71	0.0240636
2.72	0.0126899
2.73	0.00132014
2.74	-0.010012
2.75	-0.0212731
2.76	-0.0324297
2.77	-0.0434493
2.78	-0.0542995
2.79	-0.0649488
2.8	-0.0753662
2.81	-0.0855216
2.82	-0.0953858
2.83	-0.10493
2.84	-0.114128
2.85	-0.122953
2.86	-0.131381
2.87	-0.139387
2.88	-0.146949
2.89	-0.154046
2.9	-0.16066
2.91	-0.166771
2.92	-0.172364
2.93	-0.177423
2.94	-0.181936
2.95	-0.18589
2.96	-0.189276
2.97	-0.192087
2.98	-0.194314
2.99	-0.195955
3	-0.197005
3.01	-0.197464
3.02	-0.197332
3.03	-0.196612
3.04	-0.195307
3.05	-0.193424
3.06	-0.19097
3.07	-0.187954
3.08	-0.184387
3.09	-0.180281
3.1	-0.175651
3.11	-0.170511
3.12	-0.164879
3.13	-0.158774
3.14	-0.152213
3.15	-0.14522
3.16	-0.137815
3.17	-0.130022
3.18	-0.121866
3.19	-0.113372
3.2	-0.104566
3.21	-0.095476
3.22	-0.0861289
3.23	-0.0765537
3.24	-0.0667797
3.25	-0.0568366
3.26	-0.0467543
3.27	-0.0365635
3.28	-0.0262946
3.29	-0.0159785
3.3	-0.00564604
3.31	0.00467201
3.32	0.014945
3.33	0.0251425
3.34	0.0352343
3.35	0.0451909
3.36	0.0549829
3.37	0.0645817
3.38	0.0739593
3.39	0.0830885
3.4	0.0919429
3.41	0.100497
3.42	0.108726
3.43	0.116606
3.44	0.124116
3.45	0.131233
3.46	0.137938
3.47	0.144212
3.48	0.150037
3.49	0.155398
3.5	0.16028
3.51	0.16467
3.52	0.168555
3.53	0.171927
3.54	0.174776
3.55	0.177095
3.56	0.178879
3.57	0.180124
3.58	0.180828
3.59	0.18099
3.6	0.180612
3.61	0.179696
3.62	0.178246
3.63	0.176267
3.64	0.173769
3.65	0.170758
3.66	0.167246
3.67	0.163244
3.68	0.158766
3.69	0.153826
3.7	0.148441
3.71	0.142627
3.72	0.136403
3.73	0.129788
3.74	0.122804
3.75	0.115472
3.76	0.107814
3.77	0.0998556
3.78	0.0916199
3.79	0.0831324
3.8	0.0744191
3.81	0.0655066
3.82	0.056422
3.83	0.0471926
3.84	0.0378465
3.85	0.0284117
3.86	0.0189166
3.87	0.00938955
3.88	-0.000140917
3.89	-0.00964644
3.9	-0.0190988
3.91	-0.0284699
3.92	-0.037732
3.93	-0.046858
3.94	-0.0558209
3.95	-0.0645944
3.96	-0.073153
3.97	-0.0814715
3.98	-0.089526
3.99	-0.097293
4	-0.10475
4.01	-0.111876
4.02	-0.11865
4.03	-0.125053
4.04	-0.131067
4.05	-0.136675
4.06	-0.141861
4.07	-0.14661
4.08	-0.150911
4.09	-0.15475
4.1	-0.158118
4.11	-0.161006
4.12	-0.163406
4.13	-0.165313
4.14	-0.166721
4.15	-0.167629
4.16	-0.168033
4.17	-0.167935
4.18	-0.167336
4.19	-0.166239
4.2	-0.164649
4.21	-0.16257
4.22	-0.160011
4.23	-0.156981
4.24	-0.153489
4.25	-0.149547
4.26	-0.145167
4.27	-0.140365
4.28	-0.135155
4.29	-0.129554
4.3	-0.123579
4.31	-0.117248
4.32	-0.110583
4.33	-0.103603
4.34	-0.096329
4.35	-0.0887847
4.36	-0.0809927
4.37	-0.0729767
4.38	-0.0647611
4.39	-0.056371
4.4	-0.0478316
4.41	-0.0391688
4.42	-0.0304088
4.43	-0.0215777
4.44	-0.0127021
4.45	-0.00380857
4.46	0.00507638
4.47	0.0139263
4.48	0.0227148
4.49	0.0314159
4.5	0.0400039
4.51	0.0484534
4.52	0.0567395
4.53	0.0648379
4.54	0.0727248
4.55	0.0803773
4.56	0.087773
4.57	0.0948905
4.58	0.101709
4.59	0.108209
4.6	0.114372
4.61	0.12018
4.62	0.125617
4.63	0.130666
4.64	0.135315
4.65	0.13955
4.66	0.143359
4.67	0.146732
4.68	0.149659
4.69	0.152134
4.7	0.154149
4.71	0.155699
4.72	0.156781
4.73	0.157393
4.74	0.157534
4.75	0.157204
4.76	0.156405
4.77	0.155141
4.78	0.153417
4.79	0.151238
4.8	0.148612
4.81	0.145547
4.82	0.142055
4.83	0.138146
4.84	0.133832
4.85	0.129127
4.86	0.124047
4.87	0.118607
4.88	0.112824
4.89	0.106716
4.9	0.100301
4.91	0.0936003
4.92	0.0866337
4.93	0.0794225
4.94	0.0719888
4.95	0.0643552
4.96	0.0565449
4.97	0.0485814
4.98	0.0404889
4.99	0.0322918
5	0.0240146
5.01	0.0156822
5.02	0.00731968
5.03	-0.00104809
5.04	-0.00939611
5.05	-0.0176995
5.06	-0.0259337
5.07	-0.0340741
5.08	-0.0420968
5.09	-0.049978
5.1	-0.0576945
5.11	-0.0652236
5.12	-0.0725432
5.13	-0.0796319
5.14	-0.0864691
5.15	-0.0930348
5.16	-0.0993099
5.17	-0.105276
5.18	-0.110917
5.19	-0.116215
5.2	-0.121157
5.21	-0.125727
5.22	-0.129913
5.23	-0.133702
5.24	-0.137086
5.25	-0.140054
5.26	-0.142597
5.27	-0.14471
5.28	-0.146388
5.29	-0.147624
5.3	-0.148418
5.31	-0.148767
5.32	-0.148671
5.33	-0.148131
5.34	-0.14715
5.35	-0.145732
5.36	-0.14388
5.37	-0.141603
5.38	-0.138907
5.39	-0.135802
5.4	-0.132296
5.41	-0.128402
5.42	-0.124132
5.43	-0.119499
5.44	-0.114517
5.45	-0.109203
5.46	-0.103573
5.47	-0.0976433
5.48	-0.0914331
5.49	-0.0849611
5.5	-0.0782473
5.51	-0.0713119
5.52	-0.0641762
5.53	-0.0568618
5.54	-0.0493908
5.55	-0.0417857
5.56	-0.0340696
5.57	-0.0262656
5.58	-0.0183972
5.59	-0.0104879
5.6	-0.00256147
5.61	0.0053585
5.62	0.0132484
5.63	0.0210846
5.64	0.028844
5.65	0.0365036
5.66	0.0440405
5.67	0.0514327
5.68	0.0586582
5.69	0.0656959
5.7	0.072525
5.71	0.0791256
5.72	0.0854783
5.73	0.0915647
5.74	0.097367
5.75	0.102868
5.76	0.108053
5.77	0.112906
5.78	0.117414
5.79	0.121563
5.8	0.125342
5.81	0.12874
5.82	0.131747
5.83	0.134357
5.84	0.13656
5.85	0.138352
5.86	0.139728
5.87	0.140684
5.88	0.141218
5.89	0.14133
5.9	0.141019
5.91	0.140288
5.92	0.139139
5.93	0.137576
5.94	0.135606
5.95	0.133233
5.96	0.130467
5.97	0.127316
5.98	0.12379
5.99	0.1199
6	0.115658
6.01	0.111078
6.02	0.106174
6.03	0.100961
6.04	0.0954557
6.05	0.089674
6.06	0.083634
6.07	0.0773542
6.08	0.0708537
6.09	0.0641523
6.1	0.0572703
6.11	0.0502286
6.12	0.0430484
6.13	0.0357513
6.14	0.0283594
6.15	0.0208948
6.16	0.0133799
6.17	0.00583726
6.18	-0.0017106
6.19	-0.00924115
6.2	-0.0167319
6.21	-0.0241607
6.22	-0.0315053
6.23	-0.0387441
6.24	-0.0458555
6.25	-0.0528187
6.26	-0.0596129
6.27	-0.0662182
6.28	-0.0726153
6.29	-0.0787853
6.3	-0.0847103
6.31	-0.0903728
6.32	-0.0957565
6.33	-0.100846
6.34	-0.105626
6.35	-0.110083
6.36	-0.114204
6.37	-0.117978
6.38	-0.121393
6.39	-0.124441
6.4	-0.127112
6.41	-0.129399
6.42	-0.131296
6.43	-0.132799
6.44	-0.133902
6.45	-0.134604
6.46	-0.134902
6.47	-0.134797
6.48	-0.13429
6.49	-0.133383
6.5	-0.132078
6.51	-0.130381
6.52	-0.128298
6.53	-0.125834
6.54	-0.122998
6.55	-0.1198
6.56	-0.116248
6.57	-0.112355
6.58	-0.108132
6.59	-0.103592
6.6	-0.0987501
6.61	-0.0936204
6.62	-0.0882189
6.63	-0.0825621
6.64	-0.0766672
6.65	-0.0705522
6.66	-0.0642357
6.67	-0.0577369
6.68	-0.0510753
6.69	-0.0442711
6.7	-0.0373449
6.71	-0.0303175
6.72	-0.02321
6.73	-0.0160437
6.74	-0.0088402
6.75	-0.00162094
6.76	0.00559247
6.77	0.0127785
6.78	0.0199158
6.79	0.026983
6.8	0.0339593
6.81	0.0408239
6.82	0.0475565
6.83	0.0541372
6.84	0.0605466
6.85	0.0667658
6.86	0.0727765
6.87	0.0785611
6.88	0.0841026
6.89	0.0893849
6.9	0.0943926
6.91	0.0991111
6.92	0.103527
6.93	0.107627
6.94	0.1114
6.95	0.114834
6.96	0.117921
6.97	0.120651
6.98	0.123017
6.99	0.125012
7	0.12663
7.01	0.127869
7.02	0.128723
7.03	0.129192
7.04	0.129274
7.05	0.12897
7.06	0.128282
7.07	0.127211
7.08	0.125762
7.09	0.123939
7.1	0.121748
7.11	0.119197
7.12	0.116294
7.13	0.113047
7.14	0.109467
7.15	0.105566
7.16	0.101354
7.17	0.0968457
7.18	0.0920543
7.19	0.0869947
7.2	0.0816822
7.21	0.0761331
7.22	0.0703644
7.23	0.0643934
7.24	0.0582384
7.25	0.0519179
7.26	0.0454511
7.27	0.0388574
7.28	0.0321567
7.29	0.0253692
7.3	0.0185152
7.31	0.0116153
7.32	0.00469012
7.33	-0.00223961
7.34	-0.0091532
7.35	-0.01603
7.36	-0.0228497
7.37	-0.0295918
7.38	-0.0362363
7.39	-0.0427637
7.4	-0.0491545
7.41	-0.0553898
7.42	-0.0614513
7.43	-0.0673211
7.44	-0.0729819
7.45	-0.0784171
7.46	-0.0836108
7.47	-0.0885479
7.48	-0.0932138
7.49	-0.0975951
7.5	-0.101679
7.51	-0.105454
7.52	-0.108909
7.53	-0.112034
7.54	-0.11482
7.55	-0.117259
7.56	-0.119345
7.57	-0.121072
7.58	-0.122435
7.59	-0.12343
7.6	-0.124056
7.61	-0.12431
7.62	-0.124192
7.63	-0.123704
7.64	-0.122846
7.65	-0.121623
7.66	-0.120039
7.67	-0.118097
7.68	-0.115806
7.69	-0.113172
7.7	-0.110203
7.71	-0.106908
7.72	-0.103299
7.73	-0.0993859
7.74	-0.0951809
7.75	-0.090697
7.76	-0.085948
7.77	-0.0809484
7.78	-0.0757135
7.79	-0.0702591
7.8	-0.0646018
7.81	-0.0587589
7.82	-0.0527479
7.83	-0.046587
7.84	-0.0402948
7.85	-0.0338904
7.86	-0.0273928
7.87	-0.0208216
7.88	-0.0141967
7.89	-0.00753769
7.9	-0.000864623
7.91	0.00580258
7.92	0.012444
7.93	0.0190399
7.94	0.0255706
7.95	0.0320168
7.96	0.0383591
7.97	0.044579
7.98	0.0506579
7.99	0.0565778
8	0.0623214
8.01	0.0678716
8.02	0.0732122
8.03	0.0783274
8.04	0.0832023
8.05	0.0878226
8.06	0.0921748
8.07	0.0962464
8.08	0.100025
8.09	0.103501
8.1	0.106663
8.11	0.109503
8.12	0.112012
8.13	0.114183
8.14	0.116011
8.15	0.117489
8.16	0.118615
8.17	0.119386
8.18	0.119799
8.19	0.119853
8.2	0.11955
8.21	0.118889
8.22	0.117875
8.23	0.116509
8.24	0.114797
8.25	0.112745
8.26	0.110358
8.27	0.107644
8.28	0.104612
8.29	0.101271
8.3	0.0976317
8.31	0.0937052
8.32	0.0895035
8.33	0.0850394
8.34	0.0803268
8.35	0.0753798
8.36	0.0702136
8.37	0.0648438
8.38	0.0592867
8.39	0.0535592
8.4	0.0476785
8.41	0.0416624
8.42	0.035529
8.43	0.0292967
8.44	0.0229843
8.45	0.0166107
8.46	0.0101951
8.47	0.00375657
8.48	-0.00268557
8.49	-0.00911211
8.5	-0.0155039
8.51	-0.0218418
8.52	-0.028107
8.53	-0.0342809
8.54	-0.0403452
8.55	-0.0462819
8.56	-0.0520734
8.57	-0.0577026
8.58	-0.0631528
8.59	-0.0684081
8.6	-0.0734529
8.61	-0.0782724
8.62	-0.0828525
8.63	-0.0871798
8.64	-0.0912417
8.65	-0.0950264
8.66	-0.0985228
8.67	-0.101721
8.68	-0.104611
8.69	-0.107186
8.7	-0.109438
8.71	-0.11136
8.72	-0.112947
8.73	-0.114195
8.74	-0.115101
8.75	-0.115661
8.76	-0.115876
8.77	-0.115744
8.78	-0.115266
8.79	-0.114445
8.8	-0.113283
8.81	-0.111783
8.82	-0.109952
8.83	-0.107794
8.84	-0.105317
8.85	-0.102527
8.86	-0.0994351
8.87	-0.0960493
8.88	-0.0923803
8.89	-0.0884395
8.9	-0.0842389
8.91	-0.0797915
8.92	-0.0751106
8.93	-0.0702106
8.94	-0.0651064
8.95	-0.0598134
8.96	-0.0543477
8.97	-0.0487257
8.98	-0.0429644
8.99	-0.0370812
9	-0.0310937
9.01	-0.02502
9.02	-0.0188783
9.03	-0.0126871
9.04	-0.00646473
9.05	-0.000229977
9.06	0.00599858
9.07	0.0122023
9.08	0.0183628
9.09	0.0244617
9.1	0.0304807
9.11	0.0364021
9.12	0.0422083
9.13	0.047882
9.14	0.0534065
9.15	0.0587654
9.16	0.0639429
9.17	0.0689237
9.18	0.0736933
9.19	0.0782374
9.2	0.082543
9.21	0.0865972
9.22	0.0903884
9.23	0.0939055
9.24	0.0971382
9.25	0.100077
9.26	0.102714
9.27	0.105041
9.28	0.107052
9.29	0.108741
9.3	0.110104
9.31	0.111136
9.32	0.111835
9.33	0.112199
9.34	0.112227
9.35	0.11192
9.36	0.11128
9.37	0.110307
9.38	0.109006
9.39	0.107381
9.4	0.105437
9.41	0.103179
9.42	0.100616
9.43	0.0977554
9.44	0.0946056
9.45	0.0911764
9.46	0.0874785
9.47	0.0835232
9.48	0.0793226
9.49	0.0748894
9.5	0.0702372
9.51	0.0653801
9.52	0.0603327
9.53	0.0551105
9.54	0.049729
9.55	0.0442047
9.56	0.0385541
9.57	0.0327942
9.58	0.0269423
9.59	0.0210161
9.6	0.0150333
9.61	0.00901181
9.62	0.00296965
9.63	-0.0030751
9.64	-0.00910439
9.65	-0.0151002
9.66	-0.0210448
9.67	-0.0269203
9.68	-0.0327093
9.69	-0.0383946
9.7	-0.0439594
9.71	-0.0493871
9.72	-0.0546616
9.73	-0.0597675
9.74	-0.0646896
9.75	-0.0694134
9.76	-0.0739249
9.77	-0.0782111
9.78	-0.0822592
9.79	-0.0860574
9.8	-0.0895946
9.81	-0.0928606
9.82	-0.0958459
9.83	-0.0985418
9.84	-0.100941
9.85	-0.103035
9.86	-0.10482
9.87	-0.10629
9.88	-0.107441
9.89	-0.10827
9.9	-0.108774
9.91	-0.108954
9.92	-0.108807
9.93	-0.108335
9.94	-0.107541
9.95	-0.106426
9.96	-0.104994
9.97	-0.10325
9.98	-0.101199
9.99	-0.0988476
10	-0.0962035
0.01	1
0.02	0.99704
0.03	0.989365
0.04	0.977645
0.05	0.962144
0.06	0.943035
0.07	0.920472
0.08	0.894605
0.09	0.865597
0.1	0.833619
0.11	0.798854
0.12	0.761499
0.13	0.721762
0.14	0.679863
0.15	0.636033
0.16	0.590508
0.17	0.543537
0.18	0.495371
0.19	0.446269
0.2	0.39649
0.21	0.346299
0.22	0.295957
0.23	0.245728
0.24	0.195869
0.25	0.146637
0.26	0.0982792
0.27	0.0510383
0.28	0.00514757
0.29	-0.0391698
0.3	-0.0817017
0.31	-0.122249
0.32	-0.160624
0.33	-0.196656
0.34	-0.23019
0.35	-0.261085
0.36	-0.289218
0.37	-0.314485
0.38	-0.336798
0.39	-0.356089
0.4	-0.372309
0.41	-0.385427
0.42	-0.395431
0.43	-0.402329
0.44	-0.406147
0.45	-0.406928
0.46	-0.404736
0.47	-0.399649
0.48	-0.391765
0.49	-0.381194
0.5	-0.368065
0.51	-0.352518
0.52	-0.334709
0.53	-0.314804
0.54	-0.292979
0.55	-0.269423
0.56	-0.244329
0.57	-0.2179
0.58	-0.190345
0.59	-0.161873
0.6	-0.132702
0.61	-0.103045
0.62	-0.07312
0.63	-0.0431409
0.64	-0.0133194
0.65	0.0161367
0.66	0.0450256
0.67	0.0731516
0.68	0.100328
0.69	0.126375
0.7	0.151126
0.71	0.174424
0.72	0.196123
0.73	0.216092
0.74	0.234213
0.75	0.250381
0.76	0.264508
0.77	0.27652
0.78	0.286359
0.79	0.293981
0.8	0.299362
0.81	0.302491
0.82	0.303372
0.83	0.302028
0.84	0.298494
0.85	0.292822
0.86	0.285078
0.87	0.275341
0.88	0.263705
0.89	0.250273
0.9	0.235163
0.91	0.218502
0.92	0.200427
0.93	0.181083
0.94	0.160622
0.95	0.139204
0.96	0.116993
0.97	0.0941578
0.98	0.0708682
0.99	0.047297
1	0.023617
1.01	-1.12054e-08
1.02	-0.0233843
1.03	-0.0463696
1.04	-0.0687937
1.05	-0.0905003
1.06	-0.111339
1.07	-0.131169
1.08	-0.149855
1.09	-0.167272
1.1	-0.183308
1.11	-0.197857
1.12	-0.21083
1.13	-0.222145
1.14	-0.231735
1.15	-0.239547
1.16	-0.245539
1.17	-0.249684
1.18	-0.251966
1.19	-0.252387
1.2	-0.250957
1.21	-0.247703
1.22	-0.242664
1.23	-0.235891
1.24	-0.227446
1.25	-0.217405
1.26	-0.205854
1.27	-0.192887
1.28	-0.178611
1.29	-0.163138
1.3	-0.146592
1.31	-0.129099
1.32	-0.110795
1.33	-0.0918174
1.34	-0.0723104
1.35	-0.0524192
1.36	-0.0322911
1.37	-0.0120742
1.38	0.00808413
1.39	0.0280377
1.4	0.047643
1.41	0.06676
1.42	0.0852532
1.43	0.102993
1.44	0.119854
1.45	0.135722
1.46	0.150487
1.47	0.164049
1.48	0.176318
1.49	0.187214
1.5	0.196666
1.51	0.204616
1.52	0.211014
1.53	0.215826
1.54	0.219026
1.55	0.220601
1.56	0.220551
1.57	0.218886
1.58	0.215629
1.59	0.210813
1.6	0.204484
1.61	0.196696
1.62	0.187516
1.63	0.17702
1.64	0.165291
1.65	0.152423
1.66	0.138516
1.67	0.123678
1.68	0.108023
1.69	0.0916695
1.7	0.0747412
1.71	0.0573646
1.72	0.0396692
1.73	0.0217858
1.74	0.00384584
1.75	-0.0140195
1.76	-0.0316803
1.77	-0.0490089
1.78	-0.0658809
1.79	-0.0821758
1.8	-0.0977779
1.81	-0.112577
1.82	-0.12647
1.83	-0.139361
1.84	-0.15116
1.85	-0.161787
1.86	-0.171172
1.87	-0.179253
1.88	-0.185977
1.89	-0.191303
1.9	-0.195199
1.91	-0.197645
1.92	-0.198629
1.93	-0.198153
1.94	-0.196228
1.95	-0.192874
1.96	-0.188125
1.97	-0.182021
1.98	-0.174614
1.99	-0.165965
2	-0.156143
2.01	-0.145226
2.02	-0.133299
2.03	-0.120454
2.04	-0.106789
2.05	-0.0924086
2.06	-0.0774209
2.07	-0.0619384
2.08	-0.0460766
2.09	-0.0299532
2.1	-0.0136873
2.11	0.00260171
2.12	0.0187946
2.13	0.0347736
2.14	0.0504228
2.15	0.0656296
2.16	0.0802847
2.17	0.0942838
2.18	0.107527
2.19	0.119922
2.2	0.131382
2.21	0.141826
2.22	0.151184
2.23	0.159392
2.24	0.166394
2.25	0.172146
2.26	0.17661
2.27	0.17976
2.28	0.181579
2.29	0.182058
2.3	0.181201
2.31	0.179019
2.32	0.175535
2.33	0.170779
2.34	0.164791
2.35	0.157621
2.36	0.149325
2.37	0.13997
2.38	0.129629
2.39	0.11838
2.4	0.106311
2.41	0.093512
2.42	0.0800809
2.43	0.066118
2.44	0.0517277
2.45	0.0370171
2.46	0.022095
2.47	0.00707139
2.48	-0.00794331
2.49	-0.0228394
2.5	-0.0375082
2.51	-0.0518436
2.52	-0.0657418
2.53	-0.079103
2.54	-0.0918315
2.55	-0.103837
2.56	-0.115034
2.57	-0.125343
2.58	-0.134694
2.59	-0.143021
2.6	-0.150267
2.61	-0.156384
2.62	-0.161331
2.63	-0.165075
2.64	-0.167596
2.65	-0.168877
2.66	-0.168916
2.67	-0.167716
2.68	-0.165291
2.69	-0.161662
2.7	-0.156862
2.71	-0.150929
2.72	-0.143912
2.73	-0.135864
2.74	-0.12685
2.75	-0.116939
2.76	-0.106206
2.77	-0.0947331
2.78	-0.0826069
2.79	-0.0699184
2.8	-0.0567626
2.81	-0.0432374
2.82	-0.0294432
2.83	-0.015482
2.84	-0.00145641
2.85	0.0125305
2.86	0.0263766
2.87	0.0399809
2.88	0.0532447
2.89	0.066072
2.9	0.0783705
2.91	0.0900519
2.92	0.101033
2.93	0.111235
2.94	0.120587
2.95	0.129023
2.96	0.136484
2.97	0.142919
2.98	0.148284
2.99	0.152543
3	0.15567
3.01	0.157644
3.02	0.158456
3.03	0.158103
3.04	0.156591
3.05	0.153937
3.06	0.150161
3.07	0.145297
3.08	0.139383
3.09	0.132465
3.1	0.124599
3.11	0.115844
3.12	0.106267
3.13	0.0959419
3.14	0.0849458
3.15	0.0733615
3.16	0.061276
3.17	0.0487791
3.18	0.0359639
3.19	0.0229251
3.2	0.00975893
3.21	-0.00343771
3.22	-0.0165681
3.23	-0.0295362
3.24	-0.0422477
3.25	-0.05461
3.26	-0.0665338
3.27	-0.0779331
3.28	-0.0887259
3.29	-0.098835
3.3	-0.108188
3.31	-0.11672
3.32	-0.12437
3.33	-0.131084
3.34	-0.136817
3.35	-0.141529
3.36	-0.145189
3.37	-0.147773
3.38	-0.149265
3.39	-0.149658
3.4	-0.148952
3.41	-0.147155
3.42	-0.144284
3.43	-0.140363
3.44	-0.135424
3.45	-0.129506
3.46	-0.122655
3.47	-0.114924
3.48	-0.106372
3.49	-0.0970645
3.5	-0.0870714
3.51	-0.0764682
3.52	-0.0653341
3.53	-0.0537523
3.54	-0.041809
3.55	-0.0295926
3.56	-0.0171935
3.57	-0.00470311
3.58	0.00778689
3.59	0.0201849
3.6	0.0324004
3.61	0.0443443
3.62	0.0559298
3.63	0.0670731
3.64	0.0776936
3.65	0.087715
3.66	0.0970655
3.67	0.105678
3.68	0.113493
3.69	0.120453
3.7	0.126511
3.71	0.131624
3.72	0.135758
3.73	0.138885
3.74	0.140984
3.75	0.142044
3.76	0.142059
3.77	0.141031
3.78	0.138971
3.79	0.135898
3.8	0.131835
3.81	0.126816
3.82	0.12088
3.83	0.114072
3.84	0.106445
3.85	0.0980568
3.86	0.0889711
3.87	0.0792561
3.88	0.0689847
3.89	0.0582336
3.9	0.0470829
3.91	0.0356153
3.92	0.0239156
3.93	0.0120703
3.94	0.00016659
3.95	-0.0117082
3.96	-0.0234671
3.97	-0.0350241
3.98	-0.0462951
3.99	-0.0571982
4	-0.0676542
4.01	-0.0775878
4.02	-0.0869274
4.03	-0.0956059
4.04	-0.103561
4.05	-0.110738
4.06	-0.117083
4.07	-0.122555
4.08	-0.127113
4.09	-0.130728
4.1	-0.133374
4.11	-0.135036
4.12	-0.135703
4.13	-0.135372
4.14	-0.134049
4.15	-0.131746
4.16	-0.128481
4.17	-0.124282
4.18	-0.11918
4.19	-0.113217
4.2	-0.106436
4.21	-0.0988915
4.22	-0.0906387
4.23	-0.0817405
4.24	-0.0722634
4.25	-0.0622784
4.26	-0.05186
4.27	-0.0410854
4.28	-0.0300345
4.29	-0.0187891
4.3	-0.00743196
4.31	0.00395333
4.32	0.0152832
4.33	0.0264748
4.34	0.0374462
4.35	0.0481177
4.36	0.0584115
4.37	0.0682532
4.38	0.0775715
4.39	0.0862994
4.4	0.0943741
4.41	0.101738
4.42	0.108339
4.43	0.114129
4.44	0.11907
4.45	0.123125
4.46	0.126268
4.47	0.128477
4.48	0.129738
4.49	0.130045
4.5	0.129397
4.51	0.1278
4.52	0.125269
4.53	0.121825
4.54	0.117494
4.55	0.112311
4.56	0.106314
4.57	0.0995511
4.58	0.0920721
4.59	0.0839337
4.6	0.0751972
4.61	0.0659277
4.62	0.0561946
4.63	0.0460701
4.64	0.0356294
4.65	0.0249497
4.66	0.0141098
4.67	0.00318964
4.68	-0.00773057
4.69	-0.0185707
4.7	-0.0292515
4.71	-0.039695
4.72	-0.049825
4.73	-0.0595679
4.74	-0.0688531
4.75	-0.0776134
4.76	-0.0857857
4.77	-0.0933114
4.78	-0.100136
4.79	-0.106212
4.8	-0.111496
4.81	-0.115951
4.82	-0.119545
4.83	-0.122255
4.84	-0.124062
4.85	-0.124955
4.86	-0.124928
4.87	-0.123986
4.88	-0.122135
4.89	-0.119391
4.9	-0.115777
4.91	-0.111321
4.92	-0.106057
4.93	-0.100025
4.94	-0.0932712
4.95	-0.0858466
4.96	-0.077807
4.97	-0.0692126
4.98	-0.0601276
4.99	-0.0506194
5	-0.0407589
5.01	-0.0306188
5.02	-0.0202743
5.03	-0.00980164
5.04	0.000722208
5.05	0.0112199
5.06	0.0216145
5.07	0.0318299
5.08	0.0417916
5.09	0.051427
5.1	0.060666
5.11	0.0694417
5.12	0.0776906
5.13	0.0853533
5.14	0.0923746
5.15	0.0987043
5.16	0.104297
5.17	0.109114
5.18	0.113121
5.19	0.116289
5.2	0.118598
5.21	0.120033
5.22	0.120583
5.23	0.120248
5.24	0.11903
5.25	0.116941
5.26	0.113998
5.27	0.110224
5.28	0.105648
5.29	0.100306
5.3	0.0942371
5.31	0.0874882
5.32	0.0801099
5.33	0.0721574
5.34	0.0636903
5.35	0.0547716
5.36	0.0454675
5.37	0.0358471
5.38	0.0259814
5.39	0.0159434
5.4	0.005807
5.41	-0.00435329
5.42	-0.0144629
5.43	-0.0244476
5.44	-0.0342346
5.45	-0.0437524
5.46	-0.0529315
5.47	-0.0617054
5.48	-0.0700104
5.49	-0.0777863
5.5	-0.0849772
5.51	-0.0915314
5.52	-0.0974018
5.53	-0.102547
5.54	-0.10693
5.55	-0.11052
5.56	-0.113292
5.57	-0.115229
5.58	-0.116315
5.59	-0.116547
5.6	-0.115922
5.61	-0.114448
5.62	-0.112136
5.63	-0.109005
5.64	-0.10508
5.65	-0.10039
5.66	-0.0949721
5.67	-0.0888665
5.68	-0.0821194
5.69	-0.0747814
5.7	-0.0669074
5.71	-0.0585561
5.72	-0.0497896
5.73	-0.040673
5.74	-0.0312738
5.75	-0.0216614
5.76	-0.0119066
5.77	-0.00208144
5.78	0.00774202
5.79	0.0174917
5.8	0.0270961
5.81	0.0364851
5.82	0.0455902
5.83	0.054345
5.84	0.0626859
5.85	0.0705524
5.86	0.0778876
5.87	0.0846387
5.88	0.0907569
5.89	0.0961987
5.9	0.100925
5.91	0.104903
5.92	0.108103
5.93	0.110505
5.94	0.112092
5.95	0.112854
5.96	0.112785
5.97	0.111889
5.98	0.110173
5.99	0.107652
6	0.104344
6.01	0.100276
6.02	0.0954788
6.03	0.0899887
6.04	0.083847
6.05	0.0771001
6.06	0.0697984
6.07	0.0619964
6.08	0.0537522
6.09	0.045127
6.1	0.0361846
6.11	0.0269913
6.12	0.0176149
6.13	0.00812458
6.14	-0.00140996
6.15	-0.0109186
6.16	-0.0203317
6.17	-0.0295803
6.18	-0.0385967
6.19	-0.0473153
6.2	-0.0556725
6.21	-0.0636075
6.22	-0.0710629
6.23	-0.0779847
6.24	-0.0843229
6.25	-0.0900321
6.26	-0.0950712
6.27	-0.0994044
6.28	-0.103001
6.29	-0.105836
6.3	-0.107889
6.31	-0.109148
6.32	-0.109603
6.33	-0.109252
6.34	-0.108101
6.35	-0.106157
6.36	-0.103438
6.37	-0.0999633
6.38	-0.0957604
6.39	-0.0908612
6.4	-0.0853026
6.41	-0.0791266
6.42	-0.0723793
6.43	-0.0651113
6.44	-0.0573766
6.45	-0.0492327
6.46	-0.04074
6.47	-0.0319614
6.48	-0.0229618
6.49	-0.0138075
6.5	-0.00456586
6.51	0.00469504
6.52	0.0139073
6.53	0.0230033
6.54	0.0319165
6.55	0.0405818
6.56	0.048936
6.57	0.0569183
6.58	0.0644706
6.59	0.0715381
6.6	0.0780698
6.61	0.0840186
6.62	0.0893415
6.63	0.0940006
6.64	0.0979627
6.65	0.1012
6.66	0.103689
6.67	0.105413
6.68	0.106361
6.69	0.106527
6.7	0.10591
6.71	0.104517
6.72	0.102359
6.73	0.0994525
6.74	0.0958203
6.75	0.0914901
6.76	0.0864947
6.77	0.0808717
6.78	0.0746634
6.79	0.0679161
6.8	0.0606802
6.81	0.0530094
6.82	0.0449608
6.83	0.0365939
6.84	0.0279706
6.85	0.0191546
6.86	0.0102109
6.87	0.00120517
6.88	-0.00779627
6.89	-0.0167274
6.9	-0.0255228
6.91	-0.0341181
6.92	-0.0424505
6.93	-0.0504592
6.94	-0.058086
6.95	-0.0652753
6.96	-0.0719752
6.97	-0.078137
6.98	-0.0837165
6.99	-0.0886733
7	-0.0929721
7.01	-0.0965823
7.02	-0.0994783
7.03	-0.10164
7.04	-0.103052
7.05	-0.103706
7.06	-0.103598
7.07	-0.102729
7.08	-0.101107
7.09	-0.0987457
7.1	-0.0956625
7.11	-0.0918814
7.12	-0.087431
7.13	-0.0823451
7.14	-0.0766618
7.15	-0.0704236
7.16	-0.0636772
7.17	-0.0564727
7.18	-0.0488637
7.19	-0.0409066
7.2	-0.0326602
7.21	-0.0241855
7.22	-0.015545
7.23	-0.00680237
7.24	0.00197815
7.25	0.010732
7.26	0.0193951
7.27	0.0279038
7.28	0.0361959
7.29	0.044211
7.3	0.0518905
7.31	0.0591786
7.32	0.0660222
7.33	0.0723718
7.34	0.0781815
7.35	0.0834093
7.36	0.0880176
7.37	0.0919736
7.38	0.0952489
7.39	0.0978206
7.4	0.0996706
7.41	0.100786
7.42	0.101161
7.43	0.100792
7.44	0.0996839
7.45	0.0978454
7.46	0.095291
7.47	0.0920405
7.48	0.0881186
7.49	0.0835551
7.5	0.0783842
7.51	0.0726448
7.52	0.0663796
7.53	0.0596355
7.54	0.0524625
7.55	0.0449139
7.56	0.0370456
7.57	0.0289156
7.58	0.0205842
7.59	0.0121125
7.6	0.00356316
7.61	-0.00500113
7.62	-0.0135175
7.63	-0.0219234
7.64	-0.0301574
7.65	-0.0381592
7.66	-0.0458704
7.67	-0.0532347
7.68	-0.0601987
7.69	-0.0667117
7.7	-0.0727264
7.71	-0.0781994
7.72	-0.0830912
7.73	-0.0873666
7.74	-0.0909951
7.75	-0.0939509
7.76	-0.0962131
7.77	-0.097766
7.78	-0.0985992
7.79	-0.0987075
7.8	-0.0980909
7.81	-0.096755
7.82	-0.0947104
7.83	-0.0919732
7.84	-0.0885642
7.85	-0.0845093
7.86	-0.0798392
7.87	-0.0745888
7.88	-0.0687976
7.89	-0.0625085
7.9	-0.0557686
7.91	-0.0486277
7.92	-0.0411388
7.93	-0.0333573
7.94	-0.0253408
7.95	-0.0171483
7.96	-0.00884022
7.97	-0.000477651
7.98	0.00787794
7.99	0.0161652
8	0.0243235
8.01	0.0322929
8.02	0.0400154
8.03	0.0474344
8.04	0.054496
8.05	0.0611486
8.06	0.0673441
8.07	0.0730375
8.08	0.0781876
8.09	0.0827573
8.1	0.0867138
8.11	0.0900287
8.12	0.0926786
8.13	0.0946448
8.14	0.0959137
8.15	0.0964769
8.16	0.0963311
8.17	0.0954782
8.18	0.0939254
8.19	0.0916849
8.2	0.088774
8.21	0.0852149
8.22	0.0810345
8.23	0.0762642
8.24	0.0709398
8.25	0.065101
8.26	0.0587913
8.27	0.0520576
8.28	0.0449499
8.29	0.0375207
8.3	0.029825
8.31	0.0219196
8.32	0.0138628
8.33	0.00571386
8.34	-0.00246724
8.35	-0.0106204
8.36	-0.0186859
8.37	-0.0266045
8.38	-0.0343183
8.39	-0.041771
8.4	-0.0489081
8.41	-0.0556776
8.42	-0.0620304
8.43	-0.0679201
8.44	-0.0733042
8.45	-0.0781437
8.46	-0.0824038
8.47	-0.0860538
8.48	-0.0890678
8.49	-0.0914242
8.5	-0.0931066
8.51	-0.0941035
8.52	-0.0944083
8.53	-0.0940196
8.54	-0.092941
8.55	-0.0911814
8.56	-0.0887543
8.57	-0.0856784
8.58	-0.0819771
8.59	-0.0776782
8.6	-0.072814
8.61	-0.0674208
8.62	-0.0615389
8.63	-0.055212
8.64	-0.048487
8.65	-0.0414139
8.66	-0.0340448
8.67	-0.0264343
8.68	-0.0186385
8.69	-0.0107148
8.7	-0.00272153
8.71	0.00528252
8.72	0.0132386
8.73	0.0210884
8.74	0.0287743
8.75	0.0362402
8.76	0.0434315
8.77	0.0502957
8.78	0.0567828
8.79	0.0628456
8.8	0.0684401
8.81	0.0735257
8.82	0.0780658
8.83	0.0820275
8.84	0.0853825
8.85	0.0881068
8.86	0.0901811
8.87	0.091591
8.88	0.0923268
8.89	0.0923838
8.9	0.0917626
8.91	0.0904683
8.92	0.0885112
8.93	0.0859064
8.94	0.0826738
8.95	0.0788378
8.96	0.0744273
8.97	0.0694752
8.98	0.0640185
8.99	0.0580979
9	0.0517572
9.01	0.0450436
9.02	0.0380068
9.03	0.0306986
9.04	0.0231732
9.05	0.0154859
9.06	0.00769346
9.07	-0.000146901
9.08	-0.00797755
9.09	-0.015741
9.1	-0.0233803
9.11	-0.0308396
9.12	-0.0380643
9.13	-0.0450016
9.14	-0.0516008
9.15	-0.057814
9.16	-0.0635959
9.17	-0.0689046
9.18	-0.0737015
9.19	-0.0779521
9.2	-0.0816257
9.21	-0.084696
9.22	-0.0871412
9.23	-0.0889438
9.24	-0.0900914
9.25	-0.0905763
9.26	-0.0903957
9.27	-0.0895515
9.28	-0.0880507
9.29	-0.085905
9.3	-0.0831309
9.31	-0.0797494
9.32	-0.075786
9.33	-0.0712704
9.34	-0.0662363
9.35	-0.0607213
9.36	-0.0547663
9.37	-0.0484156
9.38	-0.0417162
9.39	-0.0347176
9.4	-0.0274715
9.41	-0.0200315
9.42	-0.0124522
9.43	-0.00478961
9.44	0.00290006
9.45	0.0105603
9.46	0.0181349
9.47	0.0255683
9.48	0.0328062
9.49	0.0397955
9.5	0.0464853
9.51	0.0528267
9.52	0.0587736
9.53	0.0642827
9.54	0.0693141
9.55	0.0738312
9.56	0.0778015
9.57	0.0811964
9.58	0.0839916
9.59	0.0861671
9.6	0.0877077
9.61	0.0886027
9.62	0.0888462
9.63	0.0884371
9.64	0.0873791
9.65	0.0856806
9.66	0.0833547
9.67	0.0804192
9.68	0.0768963
9.69	0.0728124
9.7	0.0681981
9.71	0.0630877
9.72	0.0575195
9.73	0.0515346
9.74	0.0451774
9.75	0.0384951
9.76	0.031537
9.77	0.0243544
9.78	0.0170004
9.79	0.00952902
9.8	0.00199533
9.81	-0.00554533
9.82	-0.0130376
9.83	-0.0204265
9.84	-0.0276579
9.85	-0.0346789
9.86	-0.0414381
9.87	-0.0478862
9.88	-0.0539762
9.89	-0.0596637
9.9	-0.0649073
9.91	-0.0696691
9.92	-0.0739145
9.93	-0.0776129
9.94	-0.0807377
9.95	-0.0832666
9.96	-0.0851815
9.97	-0.086469
9.98	-0.0871203
9.99	-0.0871313
10	-0.0865025
0.01	1
0.02	0.994504
0.03	0.980281
0.04	0.95865
0.05	0.930201
0.06	0.895392
0.07	0.854665
0.08	0.808491
0.09	0.757372
0.1	0.701849
0.11	0.642499
0.12	0.57993
0.13	0.514775
0.14	0.447686
0.15	0.379331
0.16	0.31038
0.17	0.241504
0.18	0.173366
0.19	0.106612
0.2	0.0418652
0.21	-0.0202789
0.22	-0.0792613
0.23	-0.134564
0.24	-0.185717
0.25	-0.232299
0.26	-0.273948
0.27	-0.310358
0.28	-0.341287
0.29	-0.366558
0.3	-0.386056
0.31	-0.399736
0.32	-0.407615
0.33	-0.409778
0.34	-0.40637
0.35	-0.397599
0.36	-0.383728
0.37	-0.365075
0.38	-0.342006
0.39	-0.314932
0.4	-0.284303
0.41	-0.2506
0.42	-0.214332
0.43	-0.176029
0.44	-0.136233
0.45	-0.0954939
0.46	-0.0543624
0.47	-0.013382
0.48	0.0269162
0.49	0.0660201
0.5	0.103443
0.51	0.138727
0.52	0.171453
0.53	0.201239
0.54	0.227749
0.55	0.250695
0.56	0.269839
0.57	0.284996
0.58	0.296036
0.59	0.302885
0.6	0.305521
0.61	0.303982
0.62	0.298356
0.63	0.288782
0.64	0.275452
0.65	0.258601
0.66	0.238507
0.67	0.215486
0.68	0.189889
0.69	0.162095
0.7	0.132506
0.71	0.101542
0.72	0.0696362
0.73	0.0372271
0.74	0.00475463
0.75	-0.0273463
0.76	-0.0586516
0.77	-0.0887529
0.78	-0.117263
0.79	-0.143821
0.8	-0.168096
0.81	-0.18979
0.82	-0.208646
0.83	-0.224444
0.84	-0.237011
0.85	-0.246216
0.86	-0.251974
0.87	-0.254249
0.88	-0.25305
0.89	-0.248432
0.9	-0.240497
0.91	-0.229388
0.92	-0.215288
0.93	-0.198421
0.94	-0.179042
0.95	-0.157439
0.96	-0.133926
0.97	-0.10884
0.98	-0.0825344
0.99	-0.0553758
1	-0.0277386
1.01	-2.34842e-09
1.02	0.0274653
1.03	0.0542899
1.04	0.0801184
1.05	0.104612
1.06	0.127454
1.07	0.148351
1.08	0.16704
1.09	0.183288
1.1	0.1969
1.11	0.207715
1.12	0.215613
1.13	0.220514
1.14	0.222376
1.15	0.221203
1.16	0.217036
1.17	0.209957
1.18	0.200087
1.19	0.187583
1.2	0.172636
1.21	0.155468
1.22	0.13633
1.23	0.115496
1.24	0.0932618
1.25	0.0699395
1.26	0.045853
1.27	0.0213339
1.28	-0.00328265
1.29	-0.0276631
1.3	-0.0514794
1.31	-0.0744137
1.32	-0.0961626
1.33	-0.116441
1.34	-0.134985
1.35	-0.151557
1.36	-0.165947
1.37	-0.177977
1.38	-0.187501
1.39	-0.194408
1.4	-0.198623
1.41	-0.200109
1.42	-0.198865
1.43	-0.194927
1.44	-0.188367
1.45	-0.179292
1.46	-0.167842
1.47	-0.15419
1.48	-0.138534
1.49	-0.1211
1.5	-0.102137
1.51	-0.0819118
1.52	-0.0607063
1.53	-0.0388146
1.54	-0.0165379
1.55	0.0058195
1.56	0.027954
1.57	0.049567
1.58	0.0703689
1.59	0.0900828
1.6	0.108448
1.61	0.125225
1.62	0.140195
1.63	0.153167
1.64	0.163977
1.65	0.172491
1.66	0.178608
1.67	0.18226
1.68	0.183412
1.69	0.182063
1.7	0.178246
1.71	0.172028
1.72	0.163506
1.73	0.15281
1.74	0.140098
1.75	0.125553
1.76	0.109384
1.77	0.0918181
1.78	0.0731028
1.79	0.0534981
1.8	0.033275
1.81	0.0127114
1.82	-0.00791178
1.83	-0.0283144
1.84	-0.0482207
1.85	-0.0673631
1.86	-0.0854862
1.87	-0.102349
1.88	-0.11773
1.89	-0.131428
1.9	-0.143266
1.91	-0.153093
1.92	-0.160785
1.93	-0.166251
1.94	-0.169427
1.95	-0.170282
1.96	-0.168815
1.97	-0.16506
1.98	-0.159078
1.99	-0.150962
2	-0.140833
2.01	-0.128839
2.02	-0.115151
2.03	-0.0999642
2.04	-0.0834919
2.05	-0.0659642
2.06	-0.0476243
2.07	-0.0287252
2.08	-0.00952643
2.09	0.0097099
2.1	0.0287223
2.11	0.0472536
2.12	0.0650543
2.13	0.081886
2.14	0.0975247
2.15	0.111763
2.16	0.124415
2.17	0.135316
2.18	0.144325
2.19	0.151329
2.2	0.156242
2.21	0.159006
2.22	0.159594
2.23	0.158008
2.24	0.154278
2.25	0.148466
2.26	0.140659
2.27	0.130972
2.28	0.119546
2.29	0.106542
2.3	0.0921458
2.31	0.0765575
2.32	0.0599947
2.33	0.0426866
2.34	0.0248718
2.35	0.00679433
2.36	-0.0112988
2.37	-0.0291616
2.38	-0.0465524
2.39	-0.0632366
2.4	-0.0789905
2.41	-0.0936038
2.42	-0.106883
2.43	-0.118652
2.44	-0.128758
2.45	-0.13707
2.46	-0.143483
2.47	-0.147916
2.48	-0.150319
2.49	-0.150665
2.5	-0.14896
2.51	-0.145233
2.52	-0.139545
2.53	-0.13198
2.54	-0.122648
2.55	-0.111683
2.56	-0.0992411
2.57	-0.0854966
2.58	-0.0706417
2.59	-0.0548827
2.6	-0.0384372
2.61	-0.0215317
2.62	-0.00439776
2.63	0.0127308
2.64	0.0296211
2.65	0.0460442
2.66	0.0617787
2.67	0.0766132
2.68	0.0903492
2.69	0.102804
2.7	0.113813
2.71	0.123232
2.72	0.130939
2.73	0.136835
2.74	0.140846
2.75	0.142926
2.76	0.143052
2.77	0.14123
2.78	0.137492
2.79	0.131895
2.8	0.124523
2.81	0.115481
2.82	0.1049
2.83	0.0929278
2.84	0.0797327
2.85	0.0654985
2.86	0.0504223
2.87	0.0347123
2.88	0.0185843
2.89	0.00225916
2.9	-0.0140403
2.91	-0.0300926
2.92	-0.04568
2.93	-0.0605922
2.94	-0.0746286
2.95	-0.0876012
2.96	-0.0993371
2.97	-0.109681
2.98	-0.118497
2.99	-0.125669
3	-0.131107
3.01	-0.134741
3.02	-0.136529
3.03	-0.136451
3.04	-0.134516
3.05	-0.130756
3.06	-0.125227
3.07	-0.118012
3.08	-0.109213
3.09	-0.0989552
3.1	-0.0873833
3.11	-0.0746587
3.12	-0.0609583
3.13	-0.0464718
3.14	-0.0313986
3.15	-0.0159458
3.16	-0.000324806
3.17	0.0152512
3.18	0.0305705
3.19	0.0454254
3.2	0.0596152
3.21	0.072949
3.22	0.0852479
3.23	0.0963477
3.24	0.106101
3.25	0.11438
3.26	0.121075
3.27	0.126102
3.28	0.129395
3.29	0.130917
3.3	0.130651
3.31	0.128606
3.32	0.124817
3.33	0.119339
3.34	0.112252
3.35	0.103658
3.36	0.0936773
3.37	0.0824508
3.38	0.0701348
3.39	0.0569
3.4	0.0429293
3.41	0.028415
3.42	0.0135561
3.43	-0.0014439
3.44	-0.0163806
3.45	-0.0310509
3.46	-0.0452558
3.47	-0.0588034
3.48	-0.0715111
3.49	-0.0832085
3.5	-0.0937391
3.51	-0.102963
3.52	-0.110758
3.53	-0.117023
3.54	-0.121676
3.55	-0.124659
3.56	-0.125936
3.57	-0.125494
3.58	-0.123344
3.59	-0.11952
3.6	-0.114079
3.61	-0.107099
3.62	-0.0986801
3.63	-0.0889401
3.64	-0.0780155
3.65	-0.0660584
3.66	-0.0532342
3.67	-0.03972
3.68	-0.0257015
3.69	-0.011371
3.7	0.00307557
3.71	0.0174413
3.72	0.0315307
3.73	0.0451529
3.74	0.0581236
3.75	0.070268
3.76	0.0814229
3.77	0.0914392
3.78	0.100183
3.79	0.10754
3.8	0.113412
3.81	0.117725
3.82	0.120422
3.83	0.121472
3.84	0.120865
3.85	0.118613
3.86	0.114751
3.87	0.109336
3.88	0.102446
3.89	0.0941782
3.9	0.0846487
3.91	0.0739906
3.92	0.0623518
3.93	0.0498934
3.94	0.036787
3.95	0.0232128
3.96	0.00935668
3.97	-0.00459194
3.98	-0.0184429
3.99	-0.0320079
4	-0.045103
4.01	-0.0575509
4.02	-0.0691839
4.03	-0.0798456
4.04	-0.0893932
4.05	-0.0976995
4.06	-0.104654
4.07	-0.110167
4.08	-0.114165
4.09	-0.116598
4.1	-0.117437
4.11	-0.116674
4.12	-0.114323
4.13	-0.110421
4.14	-0.105024
4.15	-0.0982095
4.16	-0.0900735
4.17	-0.08073
4.18	-0.0703091
4.19	-0.0589554
4.2	-0.0468256
4.21	-0.0340867
4.22	-0.0209138
4.23	-0.00748706
4.24	0.00600992
4.25	0.0193932
4.26	0.0324809
4.27	0.0450954
4.28	0.0570661
4.29	0.0682314
4.3	0.0784412
4.31	0.0875587
4.32	0.0954622
4.33	0.102047
4.34	0.107226
4.35	0.110933
4.36	0.11312
4.37	0.113761
4.38	0.112851
4.39	0.110405
4.4	0.106461
4.41	0.101075
4.42	0.0943247
4.43	0.0863045
4.44	0.0771267
4.45	0.0669187
4.46	0.055822
4.47	0.0439897
4.48	0.0315845
4.49	0.0187767
4.5	0.00574157
4.51	-0.00734285
4.52	-0.0202983
4.53	-0.0329485
4.54	-0.0451219
4.55	-0.0566539
4.56	-0.0673886
4.57	-0.0771818
4.58	-0.085902
4.59	-0.0934329
4.6	-0.0996745
4.61	-0.104545
4.62	-0.10798
4.63	-0.109936
4.64	-0.110391
4.65	-0.109341
4.66	-0.106803
4.67	-0.102815
4.68	-0.0974358
4.69	-0.0907401
4.7	-0.0828224
4.71	-0.0737931
4.72	-0.0637776
4.73	-0.0529144
4.74	-0.0413532
4.75	-0.0292529
4.76	-0.0167795
4.77	-0.0041037
4.78	0.00860147
4.79	0.0211629
4.8	0.0334098
4.81	0.045176
4.82	0.0563023
4.83	0.0666384
4.84	0.0760452
4.85	0.0843965
4.86	0.0915807
4.87	0.0975024
4.88	0.102083
4.89	0.105264
4.9	0.107004
4.91	0.107283
4.92	0.106099
4.93	0.103472
4.94	0.0994411
4.95	0.094063
4.96	0.0874142
4.97	0.0795877
4.98	0.0706925
4.99	0.060852
5	0.0502021
5.01	0.0388895
5.02	0.0270695
5.03	0.0149042
5.04	0.00256005
5.05	-0.00979455
5.06	-0.0219913
5.07	-0.0338642
5.08	-0.0452524
5.09	-0.0560016
5.1	-0.0659667
5.11	-0.0750134
5.12	-0.0830203
5.13	-0.0898804
5.14	-0.0955025
5.15	-0.0998124
5.16	-0.102754
5.17	-0.10429
5.18	-0.104401
5.19	-0.10309
5.2	-0.100377
5.21	-0.0963015
5.22	-0.0909215
5.23	-0.0843129
5.24	-0.0765681
5.25	-0.0677947
5.26	-0.0581143
5.27	-0.0476604
5.28	-0.036577
5.29	-0.0250161
5.3	-0.0131361
5.31	-0.00109959
5.32	0.0109293
5.33	0.0227866
5.34	0.0343113
5.35	0.0453468
5.36	0.0557439
5.37	0.065362
5.38	0.0740715
5.39	0.0817556
5.4	0.0883114
5.41	0.0936518
5.42	0.0977061
5.43	0.100422
5.44	0.101764
5.45	0.101717
5.46	0.100284
5.47	0.0974871
5.48	0.093367
5.49	0.0879822
5.5	0.0814082
5.51	0.073737
5.52	0.0650748
5.53	0.0555416
5.54	0.0452688
5.55	0.0343976
5.56	0.0230773
5.57	0.0114629
5.58	-0.000286872
5.59	-0.0120117
5.6	-0.0235519
5.61	-0.0347506
5.62	-0.0454558
5.63	-0.0555226
5.64	-0.0648149
5.65	-0.0732075
5.66	-0.0805877
5.67	-0.0868567
5.68	-0.0919311
5.69	-0.0957439
5.7	-0.0982452
5.71	-0.0994034
5.72	-0.099205
5.73	-0.0976551
5.74	-0.0947772
5.75	-0.0906127
5.76	-0.0852207
5.77	-0.0786768
5.78	-0.0710721
5.79	-0.062512
5.8	-0.0531148
5.81	-0.04301
5.82	-0.0323365
5.83	-0.0212406
5.84	-0.00987437
5.85	0.00160702
5.86	0.0130469
5.87	0.0242895
5.88	0.0351819
5.89	0.0455764
5.9	0.0553322
5.91	0.0643175
5.92	0.072411
5.93	0.0795042
5.94	0.085502
5.95	0.0903245
5.96	0.093908
5.97	0.0962058
5.98	0.0971887
5.99	0.0968456
6	0.0951832
6.01	0.0922265
6.02	0.0880179
6.03	0.0826169
6.04	0.0760989
6.05	0.0685547
6.06	0.0600887
6.07	0.0508178
6.08	0.0408696
6.09	0.0303808
6.1	0.0194952
6.11	0.00836179
6.12	-0.00286739
6.13	-0.0140392
6.14	-0.0250014
6.15	-0.0356051
6.16	-0.0457063
6.17	-0.0551683
6.18	-0.0638631
6.19	-0.0716736
6.2	-0.0784947
6.21	-0.0842351
6.22	-0.0888183
6.23	-0.0921837
6.24	-0.0942875
6.25	-0.095103
6.26	-0.0946211
6.27	-0.0928505
6.28	-0.0898173
6.29	-0.085565
6.3	-0.0801533
6.31	-0.0736579
6.32	-0.0661689
6.33	-0.0577901
6.34	-0.0486369
6.35	-0.0388353
6.36	-0.0285198
6.37	-0.0178319
6.38	-0.00691779
6.39	0.00407354
6.4	0.0149922
6.41	0.0256894
6.42	0.0360199
6.43	0.0458434
6.44	0.0550269
6.45	0.0634462
6.46	0.0709878
6.47	0.0775504
6.48	0.0830458
6.49	0.0874011
6.5	0.0905585
6.51	0.0924769
6.52	0.093132
6.53	0.0925169
6.54	0.0906419
6.55	0.0875344
6.56	0.0832388
6.57	0.0778152
6.58	0.0713394
6.59	0.0639012
6.6	0.0556034
6.61	0.0465604
6.62	0.0368965
6.63	0.0267443
6.64	0.0162429
6.65	0.00553601
6.66	-0.00523027
6.67	-0.0159091
6.68	-0.0263551
6.69	-0.0364264
6.7	-0.0459861
6.71	-0.0549048
6.72	-0.063062
6.73	-0.0703476
6.74	-0.0766636
6.75	-0.0819255
6.76	-0.086063
6.77	-0.0890215
6.78	-0.0907623
6.79	-0.0912636
6.8	-0.0905204
6.81	-0.0885445
6.82	-0.0853648
6.83	-0.0810264
6.84	-0.07559
6.85	-0.0691313
6.86	-0.0617399
6.87	-0.0535178
6.88	-0.0445782
6.89	-0.0350441
6.9	-0.0250462
6.91	-0.0147215
6.92	-0.00421098
6.93	0.00634171
6.94	0.0167928
6.95	0.0269999
6.96	0.0368243
6.97	0.0461328
6.98	0.0547992
6.99	0.0627063
7	0.0697475
7.01	0.075828
7.02	0.0808664
7.03	0.0847955
7.04	0.0875634
7.05	0.0891338
7.06	0.0894873
7.07	0.0886205
7.08	0.0865472
7.09	0.0832973
7.1	0.0789166
7.11	0.0734666
7.12	0.0670229
7.13	0.0596748
7.14	0.0515236
7.15	0.0426817
7.16	0.0332703
7.17	0.0234187
7.18	0.0132616
7.19	0.00293791
7.2	-0.00741149
7.21	-0.0176455
7.22	-0.0276248
7.23	-0.0372139
7.24	-0.0462824
7.25	-0.0547076
7.26	-0.0623756
7.27	-0.0691829
7.28	-0.0750379
7.29	-0.0798622
7.3	-0.0835913
7.31	-0.0861761
7.32	-0.0875827
7.33	-0.0877938
7.34	-0.0868079
7.35	-0.0846403
7.36	-0.081322
7.37	-0.0768998
7.38	-0.0714355
7.39	-0.0650049
7.4	-0.0576971
7.41	-0.0496128
7.42	-0.0408631
7.43	-0.0315683
7.44	-0.0218557
7.45	-0.0118583
7.46	-0.00171264
7.47	0.00844275
7.48	0.0184695
7.49	0.0282311
7.5	0.0375949
7.51	0.0464338
7.52	0.054628
7.53	0.0620669
7.54	0.0686498
7.55	0.0742884
7.56	0.078907
7.57	0.082444
7.58	0.0848526
7.59	0.0861015
7.6	0.0861752
7.61	0.0850743
7.62	0.0828152
7.63	0.0794304
7.64	0.0749674
7.65	0.0694884
7.66	0.0630694
7.67	0.0557992
7.68	0.0477779
7.69	0.0391159
7.7	0.0299319
7.71	0.0203519
7.72	0.010507
7.73	0.000531513
7.74	-0.00943827
7.75	-0.0192665
7.76	-0.0288195
7.77	-0.0379674
7.78	-0.046586
7.79	-0.0545586
7.8	-0.0617773
7.81	-0.0681447
7.82	-0.0735752
7.83	-0.0779959
7.84	-0.0813478
7.85	-0.0835867
7.86	-0.0846834
7.87	-0.0846245
7.88	-0.0834123
7.89	-0.0810646
7.9	-0.077615
7.91	-0.0731119
7.92	-0.0676179
7.93	-0.0612092
7.94	-0.0539742
7.95	-0.0460127
7.96	-0.0374341
7.97	-0.0283559
7.98	-0.0189027
7.99	-0.00920366
8	0.000608706
8.01	0.0104005
8.02	0.0200383
8.03	0.029391
8.04	0.0383315
8.05	0.0467383
8.06	0.0544977
8.07	0.0615046
8.08	0.0676645
8.09	0.0728945
8.1	0.0771245
8.11	0.080298
8.12	0.082373
8.13	0.0833228
8.14	0.0831357
8.15	0.0818156
8.16	0.0793819
8.17	0.0758692
8.18	0.0713267
8.19	0.0658175
8.2	0.0594179
8.21	0.0522162
8.22	0.0443116
8.23	0.0358125
8.24	0.0268357
8.25	0.0175039
8.26	0.00794489
8.27	-0.00171088
8.28	-0.0113317
8.29	-0.0207864
8.3	-0.0299464
8.31	-0.0386871
8.32	-0.04689
8.33	-0.054444
8.34	-0.0612467
8.35	-0.0672065
8.36	-0.0722431
8.37	-0.0762889
8.38	-0.07929
8.39	-0.0812068
8.4	-0.0820144
8.41	-0.0817031
8.42	-0.0802785
8.43	-0.0777613
8.44	-0.0741872
8.45	-0.0696061
8.46	-0.0640816
8.47	-0.0576902
8.48	-0.0505199
8.49	-0.0426695
8.5	-0.0342467
8.51	-0.025367
8.52	-0.0161519
8.53	-0.00672751
8.54	0.00277756
8.55	0.0122336
8.56	0.0215119
8.57	0.0304861
8.58	0.0390343
8.59	0.0470405
8.6	0.0543962
8.61	0.0610018
8.62	0.0667683
8.63	0.0716179
8.64	0.0754857
8.65	0.0783201
8.66	0.0800837
8.67	0.0807536
8.68	0.080322
8.69	0.078796
8.7	0.0761977
8.71	0.0725637
8.72	0.0679448
8.73	0.062405
8.74	0.056021
8.75	0.0488806
8.76	0.041082
8.77	0.0327324
8.78	0.0239461
8.79	0.0148434
8.8	0.00554874
8.81	-0.00381102
8.82	-0.0131082
8.83	-0.0222162
8.84	-0.031011
8.85	-0.0393732
8.86	-0.0471892
8.87	-0.0543532
8.88	-0.0607682
8.89	-0.0663477
8.9	-0.0710164
8.91	-0.0747119
8.92	-0.0773849
8.93	-0.079
8.94	-0.0795364
8.95	-0.0789881
8.96	-0.0773636
8.97	-0.0746864
8.98	-0.0709942
8.99	-0.0663383
9	-0.0607833
9.01	-0.0544059
9.02	-0.0472939
9.03	-0.0395452
9.04	-0.031266
9.05	-0.0225698
9.06	-0.0135755
9.07	-0.00440607
9.08	0.0048133
9.09	0.0139569
9.1	0.0229002
9.11	0.0315216
9.12	0.0397038
9.13	0.0473358
9.14	0.0543142
9.15	0.0605446
9.16	0.0659428
9.17	0.0704363
9.18	0.0739648
9.19	0.0764812
9.2	0.0779523
9.21	0.0783591
9.22	0.0776974
9.23	0.0759773
9.24	0.0732234
9.25	0.0694743
9.26	0.0647823
9.27	0.0592122
9.28	0.0528409
9.29	0.0457563
9.3	0.0380555
9.31	0.0298443
9.32	0.021235
9.33	0.0123455
9.34	0.00329727
9.35	-0.00578624
9.36	-0.0147812
9.37	-0.023565
9.38	-0.0320182
9.39	-0.040026
9.4	-0.0474796
9.41	-0.0542781
9.42	-0.0603295
9.43	-0.065552
9.44	-0.0698755
9.45	-0.0732418
9.46	-0.0756062
9.47	-0.0769375
9.48	-0.0772185
9.49	-0.0764467
9.5	-0.0746336
9.51	-0.071805
9.52	-0.0680005
9.53	-0.0632731
9.54	-0.0576881
9.55	-0.0513226
9.56	-0.0442642
9.57	-0.0366097
9.58	-0.0284642
9.59	-0.0199391
9.6	-0.0111511
9.61	-0.00222032
9.62	0.00673149
9.63	0.0155822
9.64	0.0242114
9.65	0.0325015
9.66	0.04034
9.67	0.0476205
9.68	0.0542444
9.69	0.0601219
9.7	0.0651738
9.71	0.0693321
9.72	0.0725409
9.73	0.0747576
9.74	0.0759529
9.75	0.0761117
9.76	0.0752327
9.77	0.0733291
9.78	0.0704278
9.79	0.0665694
9.8	0.0618075
9.81	0.0562079
9.82	0.0498477
9.83	0.0428146
9.84	0.0352049
9.85	0.0271231
9.86	0.0186797
9.87	0.00999022
9.88	0.00117337
9.89	-0.00765055
9.9	-0.0163613
9.91	-0.0248401
9.92	-0.0329719
9.93	-0.0406459
9.94	-0.0477581
9.95	-0.0542122
9.96	-0.0599207
9.97	-0.0648067
9.98	-0.0688043
9.99	-0.07186
10	-0.0739331
0.01	1
0.02	0.991188
0.03	0.968447
0.04	0.934037
0.05	0.88912
0.06	0.834699
0.07	0.771808
0.08	0.701557
0.09	0.625139
0.1	0.543821
0.11	0.458928
0.12	0.371823
0.13	0.283886
0.14	0.19649
0.15	0.110976
0.16	0.0286353
0.17	-0.0493196
0.18	-0.12177
0.19	-0.187711
0.2	-0.246269
0.21	-0.296716
0.22	-0.338478
0.23	-0.371147
0.24	-0.394482
0.25	-0.408415
0.26	-0.413046
0.27	-0.408641
0.28	-0.395624
0.29	-0.374565
0.3	-0.346169
0.31	-0.311259
0.32	-0.270761
0.33	-0.225679
0.34	-0.177083
0.35	-0.12608
0.36	-0.0737959
0.37	-0.021353
0.38	0.0301518
0.39	0.079668
0.4	0.126211
0.41	0.168879
0.42	0.20687
0.43	0.239498
0.44	0.2662
0.45	0.286547
0.46	0.30025
0.47	0.307165
0.48	0.307289
0.49	0.300762
0.5	0.287856
0.51	0.268976
0.52	0.244638
0.53	0.215466
0.54	0.182172
0.55	0.145544
0.56	0.106421
0.57	0.0656852
0.58	0.0242341
0.59	-0.0170338
0.6	-0.0572387
0.61	-0.0955379
0.62	-0.131143
0.63	-0.163333
0.64	-0.191474
0.65	-0.215025
0.66	-0.233551
0.67	-0.24673
0.68	-0.25436
0.69	-0.256358
0.7	-0.252762
0.71	-0.243731
0.72	-0.229535
0.73	-0.21055
0.74	-0.187252
0.75	-0.1602
0.76	-0.130027
0.77	-0.0974245
0.78	-0.0631262
0.79	-0.0278936
0.8	0.00750188
0.81	0.0422946
0.82	0.0757414
0.83	0.107137
0.84	0.135828
0.85	0.161228
0.86	0.182826
0.87	0.2002
0.88	0.213024
0.89	0.221072
0.9	0.224223
0.91	0.222465
0.92	0.215889
0.93	0.204689
0.94	0.189158
0.95	0.169677
0.96	0.146711
0.97	0.120791
0.98	0.0925098
0.99	0.0625035
1	0.0314392
1.01	1.06302e-09
1.02	-0.0311294
1.03	-0.0612779
1.04	-0.0898018
1.05	-0.116099
1.06	-0.13962
1.07	-0.159883
1.08	-0.176477
1.09	-0.189079
1.1	-0.19745
1.11	-0.201448
1.12	-0.201025
1.13	-0.196231
1.14	-0.187208
1.15	-0.174189
1.16	-0.15749
1.17	-0.137507
1.18	-0.1147
1.19	-0.089588
1.2	-0.062736
1.21	-0.034741
1.22	-0.00621997
1.23	0.0222037
1.24	0.0499137
1.25	0.0763142
1.26	0.100843
1.27	0.122981
1.28	0.142268
1.29	0.158306
1.3	0.170773
1.31	0.179424
1.32	0.184103
1.33	0.184736
1.34	0.18134
1.35	0.17402
1.36	0.162964
1.37	0.148438
1.38	0.130785
1.39	0.11041
1.4	0.087776
1.41	0.0633908
1.42	0.037797
1.43	0.0115593
1.44	-0.0147474
1.45	-0.0405507
1.46	-0.0652931
1.47	-0.0884441
1.48	-0.109511
1.49	-0.12805
1.5	-0.143674
1.51	-0.156064
1.52	-0.164972
1.53	-0.170226
1.54	-0.171737
1.55	-0.169495
1.56	-0.163574
1.57	-0.154125
1.58	-0.141378
1.59	-0.12563
1.6	-0.107243
1.61	-0.0866333
1.62	-0.0642627
1.63	-0.0406292
1.64	-0.0162546
1.65	0.00832601
1.66	0.0325766
1.67	0.0559716
1.68	0.0780067
1.69	0.0982107
1.7	0.116155
1.71	0.131461
1.72	0.143813
1.73	0.152958
1.74	0.158716
1.75	0.160981
1.76	0.159723
1.77	0.15499
1.78	0.146905
1.79	0.135663
1.8	0.121525
1.81	0.104817
1.82	0.0859145
1.83	0.0652429
1.84	0.0432614
1.85	0.0204558
1.86	-0.00267284
1.87	-0.0256192
1.88	-0.0478846
1.89	-0.0689877
1.9	-0.0884752
1.91	-0.105931
1.92	-0.120986
1.93	-0.133324
1.94	-0.142692
1.95	-0.148899
1.96	-0.151828
1.97	-0.151431
1.98	-0.147733
1.99	-0.140833
2	-0.130895
2.01	-0.118153
2.02	-0.102897
2.03	-0.0854723
2.04	-0.0662692
2.05	-0.0457147
2.06	-0.0242633
2.07	-0.00238648
2.08	0.0194369
2.09	0.0407317
2.1	0.0610365
2.11	0.0799135
2.12	0.0969582
2.13	0.111808
2.14	0.124149
2.15	0.133725
2.16	0.14034
2.17	0.143863
2.18	0.144232
2.19	0.141453
2.2	0.135601
2.21	0.126818
2.22	0.115308
2.23	0.101334
2.24	0.0852124
2.25	0.0673039
2.26	0.0480065
2.27	0.0277471
2.28	0.00697151
2.29	-0.0138653
2.3	-0.0343088
2.31	-0.0539152
2.32	-0.0722606
2.33	-0.0889508
2.34	-0.103629
2.35	-0.115984
2.36	-0.125755
2.37	-0.132742
2.38	-0.136804
2.39	-0.137864
2.4	-0.135911
2.41	-0.131002
2.42	-0.123254
2.43	-0.11285
2.44	-0.100026
2.45	-0.085072
2.46	-0.0683229
2.47	-0.050151
2.48	-0.0309583
2.49	-0.0111674
2.5	0.00878792
2.51	0.0284718
2.52	0.0474562
2.53	0.0653298
2.54	0.0817076
2.55	0.096238
2.56	0.108612
2.57	0.118567
2.58	0.125897
2.59	0.130451
2.6	0.132141
2.61	0.130941
2.62	0.126889
2.63	0.120083
2.64	0.110682
2.65	0.0989018
2.66	0.0850076
2.67	0.0693106
2.68	0.0521598
2.69	0.0339346
2.7	0.0150365
2.71	-0.00411982
2.72	-0.0231157
2.73	-0.0415374
2.74	-0.0589854
2.75	-0.0750824
2.76	-0.0894826
2.77	-0.101878
2.78	-0.112005
2.79	-0.119652
2.8	-0.124659
2.81	-0.126929
2.82	-0.12642
2.83	-0.123154
2.84	-0.117212
2.85	-0.108733
2.86	-0.09791
2.87	-0.0849882
2.88	-0.0702565
2.89	-0.0540425
2.9	-0.036705
2.91	-0.0186261
2.92	-0.000202722
2.93	0.0181621
2.94	0.036068
2.95	0.0531258
2.96	0.0689664
2.97	0.0832483
2.98	0.0956652
2.99	0.105952
3	0.113893
3.01	0.119321
3.02	0.122127
3.03	0.122257
3.04	0.119719
3.05	0.114576
3.06	0.106949
3.07	0.0970128
3.08	0.0849911
3.09	0.0711532
3.1	0.0558069
3.11	0.0392919
3.12	0.0219723
3.13	0.00422849
3.14	-0.013551
3.15	-0.0309782
3.16	-0.0476739
3.17	-0.0632763
3.18	-0.0774482
3.19	-0.0898851
3.2	-0.100321
3.21	-0.108534
3.22	-0.114353
3.23	-0.117658
3.24	-0.118383
3.25	-0.116523
3.26	-0.112124
3.27	-0.105292
3.28	-0.0961814
3.29	-0.0849993
3.3	-0.0719956
3.31	-0.0574596
3.32	-0.0417132
3.33	-0.0251034
3.34	-0.00799551
3.35	0.00923581
3.36	0.0262141
3.37	0.0425698
3.38	0.0579476
3.39	0.072015
3.4	0.0844688
3.41	0.095042
3.42	0.103509
3.43	0.109692
3.44	0.113463
3.45	0.114745
3.46	0.113518
3.47	0.109817
3.48	0.103729
3.49	0.0953941
3.5	0.0850002
3.51	0.0727803
3.52	0.0590062
3.53	0.043983
3.54	0.0280421
3.55	0.0115339
3.56	-0.00517963
3.57	-0.0217332
3.58	-0.037766
3.59	-0.0529296
3.6	-0.0668953
3.61	-0.0793619
3.62	-0.0900613
3.63	-0.0987648
3.64	-0.105288
3.65	-0.109495
3.66	-0.111299
3.67	-0.110669
3.68	-0.107624
3.69	-0.102238
3.7	-0.0946335
3.71	-0.0849839
3.72	-0.0735046
3.73	-0.0604514
3.74	-0.0461132
3.75	-0.0308065
3.76	-0.0148679
3.77	0.00135297
3.78	0.0175013
3.79	0.0332249
3.8	0.0481816
3.81	0.0620469
3.82	0.0745212
3.83	0.0853358
3.84	0.0942589
3.85	0.101101
3.86	0.105717
3.87	0.108014
3.88	0.107945
3.89	0.105521
3.9	0.100798
3.91	0.0938865
3.92	0.0849427
3.93	0.0741669
3.94	0.0617991
3.95	0.0481132
3.96	0.0334114
3.97	0.0180171
3.98	0.00226811
3.99	-0.0134909
4	-0.0289158
4.01	-0.0436708
4.02	-0.0574355
4.03	-0.0699119
4.04	-0.0808307
4.05	-0.0899576
4.06	-0.0970976
4.07	-0.1021
4.08	-0.10486
4.09	-0.105324
4.1	-0.103487
4.11	-0.099395
4.12	-0.0931422
4.13	-0.0848706
4.14	-0.0747658
4.15	-0.0630528
4.16	-0.049991
4.17	-0.035869
4.18	-0.0209976
4.19	-0.0057032
4.2	0.00967929
4.21	0.0248138
4.22	0.0393706
4.23	0.0530332
4.24	0.0655054
4.25	0.0765178
4.26	0.0858334
4.27	0.0932527
4.28	0.0986184
4.29	0.101818
4.3	0.102787
4.31	0.101508
4.32	0.0980163
4.33	0.092392
4.34	0.084763
4.35	0.0753006
4.36	0.0642155
4.37	0.0517534
4.38	0.0381896
4.39	0.0238228
4.4	0.00896848
4.41	-0.00604801
4.42	-0.0208984
4.43	-0.0352589
4.44	-0.0488169
4.45	-0.0612784
4.46	-0.0723737
4.47	-0.0818636
4.48	-0.0895446
4.49	-0.0952529
4.5	-0.0988683
4.51	-0.100316
4.52	-0.0995707
4.53	-0.0966521
4.54	-0.0916291
4.55	-0.0846162
4.56	-0.0757707
4.57	-0.0652898
4.58	-0.053406
4.59	-0.0403817
4.6	-0.0265039
4.61	-0.0120774
4.62	0.00258154
4.63	0.0171524
4.64	0.0313173
4.65	0.0447677
4.66	0.0572116
4.67	0.0683793
4.68	0.0780297
4.69	0.0859554
4.7	0.0919869
4.71	0.0959967
4.72	0.0979014
4.73	0.097664
4.74	0.0952941
4.75	0.090848
4.76	0.0844271
4.77	0.0761758
4.78	0.0662781
4.79	0.0549536
4.8	0.0424525
4.81	0.0290503
4.82	0.0150414
4.83	0.000733057
4.84	-0.0135617
4.85	-0.0275308
4.86	-0.0408698
4.87	-0.0532887
4.88	-0.0645184
4.89	-0.0743159
4.9	-0.0824703
4.91	-0.0888069
4.92	-0.093191
4.93	-0.0955308
4.94	-0.0957795
4.95	-0.0939357
4.96	-0.090044
4.97	-0.0841935
4.98	-0.0765159
4.99	-0.0671825
5	-0.0564005
5.01	-0.0444082
5.02	-0.0314698
5.03	-0.0178699
5.04	-0.0039067
5.05	0.0101142
5.06	0.0238864
5.07	0.0371097
5.08	0.0494964
5.09	0.0607777
5.1	0.0707094
5.11	0.0790772
5.12	0.0857015
5.13	0.090441
5.14	0.0931959
5.15	0.0939099
5.16	0.0925714
5.17	0.0892135
5.18	0.0839135
5.19	0.076791
5.2	0.0680049
5.21	0.0577503
5.22	0.046254
5.23	0.0337694
5.24	0.0205711
5.25	0.00694862
5.26	-0.00679969
5.27	-0.0203734
5.28	-0.0334763
5.29	-0.0458233
5.3	-0.057146
5.31	-0.0671992
5.32	-0.0757657
5.33	-0.0826612
5.34	-0.0877383
5.35	-0.0908894
5.36	-0.0920494
5.37	-0.0911967
5.38	-0.0883536
5.39	-0.0835858
5.4	-0.0770012
5.41	-0.0687469
5.42	-0.0590061
5.43	-0.0479945
5.44	-0.0359548
5.45	-0.0231519
5.46	-0.00986671
5.47	0.00360967
5.48	0.0169826
5.49	0.0299602
5.5	0.0422597
5.51	0.0536138
5.52	0.0637763
5.53	0.0725272
5.54	0.0796782
5.55	0.0850758
5.56	0.0886053
5.57	0.0901931
5.58	0.089808
5.59	0.0874618
5.6	0.0832093
5.61	0.0771469
5.62	0.0694101
5.63	0.0601709
5.64	0.0496337
5.65	0.0380311
5.66	0.0256182
5.67	0.0126677
5.68	-0.000536758
5.69	-0.0137062
5.7	-0.0265532
5.71	-0.0387976
5.72	-0.0501731
5.73	-0.0604328
5.74	-0.0693545
5.75	-0.0767457
5.76	-0.0824476
5.77	-0.0863386
5.78	-0.0883369
5.79	-0.0884022
5.8	-0.0865362
5.81	-0.0827832
5.82	-0.0772283
5.83	-0.069996
5.84	-0.061247
5.85	-0.0511752
5.86	-0.0400026
5.87	-0.0279753
5.88	-0.0153573
5.89	-0.00242534
5.9	0.0105377
5.91	0.0232486
5.92	0.0354301
5.93	0.0468171
5.94	0.0571623
5.95	0.0662413
5.96	0.0738581
5.97	0.0798487
5.98	0.0840851
5.99	0.0864775
6	0.0869769
6.01	0.0855755
6.02	0.082307
6.03	0.077246
6.04	0.0705059
6.05	0.0622368
6.06	0.0526218
6.07	0.0418732
6.08	0.0302275
6.09	0.0179406
6.1	0.00528201
6.11	-0.00747125
6.12	-0.0200404
6.13	-0.0321513
6.14	-0.0435401
6.15	-0.0539592
6.16	-0.0631827
6.17	-0.0710109
6.18	-0.0772752
6.19	-0.0818413
6.2	-0.0846122
6.21	-0.0855302
6.22	-0.0845784
6.23	-0.0817804
6.24	-0.0772003
6.25	-0.0709412
6.26	-0.0631423
6.27	-0.0539765
6.28	-0.0436461
6.29	-0.0323787
6.3	-0.0204219
6.31	-0.00803792
6.32	0.00450204
6.33	0.0169238
6.34	0.0289563
6.35	0.0403372
6.36	0.050819
6.37	0.0601742
6.38	0.0682001
6.39	0.0747236
6.4	0.0796045
6.41	0.0827388
6.42	0.0840606
6.43	0.083544
6.44	0.0812032
6.45	0.077092
6.46	0.071303
6.47	0.0639653
6.48	0.0552415
6.49	0.0453244
6.5	0.0344324
6.51	0.0228049
6.52	0.0106971
6.53	-0.00162589
6.54	-0.0138945
6.55	-0.0258408
6.56	-0.0372043
6.57	-0.0477378
6.58	-0.0572123
6.59	-0.0654226
6.6	-0.0721912
6.61	-0.0773724
6.62	-0.0808555
6.63	-0.0825669
6.64	-0.0824719
6.65	-0.0805754
6.66	-0.0769214
6.67	-0.0715925
6.68	-0.0647075
6.69	-0.0564191
6.7	-0.0469106
6.71	-0.0363914
6.72	-0.0250929
6.73	-0.0132629
6.74	-0.00116082
6.75	0.0109487
6.76	0.0228011
6.77	0.0341379
6.78	0.0447121
6.79	0.0542939
6.8	0.0626755
6.81	0.0696755
6.82	0.075143
6.83	0.0789609
6.84	0.0810482
6.85	0.0813617
6.86	0.0798973
6.87	0.0766894
6.88	0.0718109
6.89	0.0653705
6.9	0.0575114
6.91	0.0484071
6.92	0.0382585
6.93	0.0272887
6.94	0.0157386
6.95	0.00386119
6.96	-0.00808345
6.97	-0.0198343
6.98	-0.0311351
6.99	-0.0417394
7	-0.0514167
7.01	-0.0599568
7.02	-0.0671749
7.03	-0.0729151
7.04	-0.0770541
7.05	-0.0795038
7.06	-0.0802131
7.07	-0.079169
7.08	-0.0763967
7.09	-0.0719592
7.1	-0.0659559
7.11	-0.05852
7.12	-0.0498161
7.13	-0.040036
7.14	-0.0293949
7.15	-0.0181265
7.16	-0.0064779
7.17	0.00529601
7.18	0.0169378
7.19	0.0281933
7.2	0.0388173
7.21	0.0485784
7.22	0.0572646
7.23	0.0646878
7.24	0.0706874
7.25	0.0751343
7.26	0.0779336
7.27	0.0790263
7.28	0.078391
7.29	0.0760439
7.3	0.0720386
7.31	0.0664649
7.32	0.0594467
7.33	0.0511393
7.34	0.0417259
7.35	0.0314137
7.36	0.0204292
7.37	0.00901325
7.38	-0.00258411
7.39	-0.0141093
7.4	-0.0253107
7.41	-0.0359439
7.42	-0.0457775
7.43	-0.0545977
7.44	-0.0622131
7.45	-0.0684591
7.46	-0.073201
7.47	-0.0763372
7.48	-0.0778014
7.49	-0.0775638
7.5	-0.0756319
7.51	-0.0720501
7.52	-0.0668989
7.53	-0.060293
7.54	-0.0523785
7.55	-0.0433301
7.56	-0.033347
7.57	-0.0226485
7.58	-0.0114693
7.59	-5.41987e-05
7.6	0.011347
7.61	0.0224853
7.62	0.0331177
7.63	0.0430126
7.64	0.0519547
7.65	0.05975
7.66	0.0662297
7.67	0.0712539
7.68	0.0747148
7.69	0.0765387
7.7	0.076688
7.71	0.0751615
7.72	0.0719949
7.73	0.0672593
7.74	0.0610603
7.75	0.0535353
7.76	0.0448503
7.77	0.0351965
7.78	0.0247861
7.79	0.0138476
7.8	0.00262056
7.81	-0.00864935
7.82	-0.0197159
7.83	-0.0303375
7.84	-0.0402827
7.85	-0.0493351
7.86	-0.057298
7.87	-0.0639989
7.88	-0.069293
7.89	-0.0730664
7.9	-0.0752386
7.91	-0.0757641
7.92	-0.0746336
7.93	-0.0718738
7.94	-0.0675472
7.95	-0.0617501
7.96	-0.0546112
7.97	-0.046288
7.98	-0.0369638
7.99	-0.0268438
8	-0.0161498
8.01	-0.0051164
8.02	0.00601506
8.03	0.0170012
8.04	0.0276022
8.05	0.037587
8.06	0.0467381
8.07	0.0548566
8.08	0.0617666
8.09	0.0673184
8.1	0.0713925
8.11	0.0739016
8.12	0.074793
8.13	0.0740491
8.14	0.0716882
8.15	0.0677638
8.16	0.0623636
8.17	0.0556074
8.18	0.0476445
8.19	0.0386504
8.2	0.0288227
8.21	0.0183772
8.22	0.00754288
8.23	-0.00344306
8.24	-0.0143404
8.25	-0.0249112
8.26	-0.0349249
8.27	-0.0441634
8.28	-0.0524258
8.29	-0.0595327
8.3	-0.0653303
8.31	-0.0696934
8.32	-0.0725285
8.33	-0.0737754
8.34	-0.0734089
8.35	-0.0714389
8.36	-0.0679103
8.37	-0.0629021
8.38	-0.0565254
8.39	-0.0489213
8.4	-0.0402573
8.41	-0.0307241
8.42	-0.0205308
8.43	-0.00990102
8.44	0.00093248
8.45	0.0117328
8.46	0.0222639
8.47	0.0322962
8.48	0.0416109
8.49	0.0500055
8.5	0.0572975
8.51	0.0633291
8.52	0.0679698
8.53	0.0711199
8.54	0.0727123
8.55	0.0727141
8.56	0.0711271
8.57	0.0679878
8.58	0.0633666
8.59	0.0573663
8.6	0.0501194
8.61	0.0417859
8.62	0.032549
8.63	0.0226116
8.64	0.0121917
8.65	0.00151737
8.66	-0.00917773
8.67	-0.01966
8.68	-0.0297005
8.69	-0.0390806
8.7	-0.0475959
8.71	-0.0550614
8.72	-0.0613153
8.73	-0.0662223
8.74	-0.0696766
8.75	-0.0716045
8.76	-0.0719657
8.77	-0.0707539
8.78	-0.0679975
8.79	-0.0637585
8.8	-0.0581312
8.81	-0.05124
8.82	-0.0432371
8.83	-0.0342984
8.84	-0.0246205
8.85	-0.0144155
8.86	-0.00390705
8.87	0.00667491
8.88	0.0170991
8.89	0.0271379
8.9	0.0365725
8.91	0.0451973
8.92	0.0528249
8.93	0.0592896
8.94	0.0644516
8.95	0.0681996
8.96	0.0704531
8.97	0.0711647
8.98	0.0703204
8.99	0.0679406
9	0.0640788
9.01	0.0588212
9.02	0.0522841
9.03	0.0446118
9.04	0.0359732
9.05	0.0265581
9.06	0.0165731
9.07	0.00623699
9.08	-0.00422404
9.09	-0.0145813
9.1	-0.0246085
9.11	-0.0340869
9.12	-0.0428102
9.13	-0.0505884
9.14	-0.0572527
9.15	-0.0626588
9.16	-0.0666897
9.17	-0.069259
9.18	-0.0703122
9.19	-0.0698278
9.2	-0.0678181
9.21	-0.0643287
9.22	-0.0594374
9.23	-0.0532527
9.24	-0.0459111
9.25	-0.0375741
9.26	-0.0284252
9.27	-0.018665
9.28	-0.00850749
9.29	0.00182498
9.3	0.0121065
9.31	0.0221123
9.32	0.0316243
9.33	0.040435
9.34	0.0483528
9.35	0.0552055
9.36	0.0608445
9.37	0.065148
9.38	0.0680234
9.39	0.0694093
9.4	0.069277
9.41	0.0676311
9.42	0.0645091
9.43	0.0599809
9.44	0.0541467
9.45	0.0471356
9.46	0.0391019
9.47	0.0302222
9.48	0.0206916
9.49	0.0107188
9.5	0.000522319
9.51	-0.00967484
9.52	-0.0196499
9.53	-0.029185
9.54	-0.0380725
9.55	-0.0461187
9.56	-0.0531487
9.57	-0.05901
9.58	-0.0635757
9.59	-0.0667474
9.6	-0.0684573
9.61	-0.0686695
9.62	-0.0673809
9.63	-0.0646213
9.64	-0.0604525
9.65	-0.0549671
9.66	-0.0482862
9.67	-0.0405571
9.68	-0.0319497
9.69	-0.0226531
9.7	-0.012871
9.71	-0.00281782
9.72	0.00728661
9.73	0.0172214
9.74	0.0267697
9.75	0.0357233
9.76	0.043887
9.77	0.0510834
9.78	0.0571561
9.79	0.0619737
9.8	0.0654321
9.81	0.0674572
9.82	0.0680062
9.83	0.0670686
9.84	0.0646663
9.85	0.0608534
9.86	0.0557146
9.87	0.0493636
9.88	0.0419403
9.89	0.0336081
9.9	0.0245498
9.91	0.0149643
9.92	0.00506142
9.93	-0.00494207
9.94	-0.0148275
9.95	-0.024379
9.96	-0.0333881
9.97	-0.0416586
9.98	-0.0490105
9.99	-0.0552841
10	-0.0603433
0.01	1
0.02	0.997735
0.03	0.991857
0.04	0.982874
0.05	0.970973
0.06	0.956273
0.07	0.938871
0.08	0.918863
0.09	0.896347
0.1	0.871426
0.11	0.844214
0.12	0.814827
0.13	0.783394
0.14	0.750048
0.15	0.714931
0.16	0.678189
0.17	0.639977
0.18	0.600454
0.19	0.559782
0.2	0.51813
0.21	0.475668
0.22	0.432569
0.23	0.389007
0.24	0.345159
0.25	0.3012
0.26	0.257305
0.27	0.213647
0.28	0.170397
0.29	0.127724
0.3	0.0857923
0.31	0.0447607
0.32	0.00478424
0.33	-0.0339885
0.34	-0.0714153
0.35	-0.107361
0.36	-0.1417
0.37	-0.174311
0.38	-0.205086
0.39	-0.233923
0.4	-0.260732
0.41	-0.28543
0.42	-0.307948
0.43	-0.328225
0.44	-0.346211
0.45	-0.361869
0.46	-0.37517
0.47	-0.386098
0.48	-0.394648
0.49	-0.400826
0.5	-0.404648
0.51	-0.406141
0.52	-0.405345
0.53	-0.402306
0.54	-0.397083
0.55	-0.389744
0.56	-0.380365
0.57	-0.369033
0.58	-0.355841
0.59	-0.340891
0.6	-0.324292
0.61	-0.306158
0.62	-0.286613
0.63	-0.265781
0.64	-0.243795
0.65	-0.22079
0.66	-0.196904
0.67	-0.172278
0.68	-0.147056
0.69	-0.121381
0.7	-0.0953986
0.71	-0.0692518
0.72	-0.043084
0.73	-0.0170366
0.74	0.00875151
0.75	0.0341446
0.76	0.0590107
0.77	0.083222
0.78	0.106656
0.79	0.129196
0.8	0.15073
0.81	0.171155
0.82	0.190372
0.83	0.208293
0.84	0.224835
0.85	0.239925
0.86	0.253497
0.87	0.265495
0.88	0.275872
0.89	0.284589
0.9	0.291618
0.91	0.296939
0.92	0.300541
0.93	0.302423
0.94	0.302594
0.95	0.301071
0.96	0.29788
0.97	0.293056
0.98	0.286642
0.99	0.27869
1	0.269259
1.01	0.258415
1.02	0.246232
1.03	0.232791
1.04	0.218176
1.05	0.202481
1.06	0.185802
1.07	0.16824
1.08	0.149899
1.09	0.130888
1.1	0.111319
1.11	0.0913036
1.12	0.0709567
1.13	0.0503935
1.14	0.0297294
1.15	0.00907929
1.16	-0.0114428
1.17	-0.0317247
1.18	-0.0516564
1.19	-0.0711306
1.2	-0.0900437
1.21	-0.108296
1.22	-0.125791
1.23	-0.142439
1.24	-0.158155
1.25	-0.172859
1.26	-0.186477
1.27	-0.198944
1.28	-0.210199
1.29	-0.220189
1.3	-0.228868
1.31	-0.2362
1.32	-0.242152
1.33	-0.246704
1.34	-0.249839
1.35	-0.251551
1.36	-0.251842
1.37	-0.25072
1.38	-0.248202
1.39	-0.244311
1.4	-0.23908
1.41	-0.232546
1.42	-0.224756
1.43	-0.215761
1.44	-0.20562
1.45	-0.194397
1.46	-0.182162
1.47	-0.168989
1.48	-0.154959
1.49	-0.140156
1.5	-0.124666
1.51	-0.10858
1.52	-0.0919922
1.53	-0.0749975
1.54	-0.0576932
1.55	-0.0401776
1.56	-0.0225495
1.57	-0.00490759
1.58	0.0126498
1.59	0.0300255
1.6	0.0471239
1.61	0.0638517
1.62	0.0801181
1.63	0.0958352
1.64	0.110919
1.65	0.12529
1.66	0.138871
1.67	0.151592
1.68	0.163388
1.69	0.174197
1.7	0.183967
1.71	0.192648
1.72	0.200198
1.73	0.206582
1.74	0.211771
1.75	0.215743
1.76	0.218483
1.77	0.219983
1.78	0.220241
1.79	0.219262
1.8	0.21706
1.81	0.213653
1.82	0.209066
1.83	0.203333
1.84	0.196491
1.85	0.188584
1.86	0.179662
1.87	0.169781
1.88	0.159
1.89	0.147385
1.9	0.135005
1.91	0.121933
1.92	0.108245
1.93	0.0940211
1.94	0.0793437
1.95	0.0642968
1.96	0.0489663
1.97	0.0334391
1.98	0.0178031
1.99	0.00214601
2	-0.0134446
2.01	-0.0288821
2.02	-0.044081
2.03	-0.0589576
2.04	-0.0734305
2.05	-0.0874207
2.06	-0.100853
2.07	-0.113654
2.08	-0.125756
2.09	-0.137094
2.1	-0.14761
2.11	-0.157247
2.12	-0.165957
2.13	-0.173695
2.14	-0.180423
2.15	-0.186107
2.16	-0.190721
2.17	-0.194244
2.18	-0.196661
2.19	-0.197964
2.2	-0.19815
2.21	-0.197224
2.22	-0.195196
2.23	-0.192081
2.24	-0.187904
2.25	-0.18269
2.26	-0.176475
2.27	-0.169298
2.28	-0.161202
2.29	-0.152237
2.3	-0.142458
2.31	-0.131921
2.32	-0.12069
2.33	-0.10883
2.34	-0.0964103
2.35	-0.0835027
2.36	-0.0701814
2.37	-0.0565226
2.38	-0.0426043
2.39	-0.0285053
2.4	-0.0143052
2.41	-8.39162e-05
2.42	0.014079
2.43	0.0281044
2.44	0.0419146
2.45	0.0554332
2.46	0.0685856
2.47	0.0812999
2.48	0.0935066
2.49	0.105139
2.5	0.116136
2.51	0.126437
2.52	0.135987
2.53	0.144736
2.54	0.152639
2.55	0.159655
2.56	0.165746
2.57	0.170885
2.58	0.175044
2.59	0.178205
2.6	0.180353
2.61	0.181482
2.62	0.181587
2.63	0.180674
2.64	0.17875
2.65	0.17583
2.66	0.171934
2.67	0.167088
2.68	0.161322
2.69	0.154673
2.7	0.14718
2.71	0.138889
2.72	0.12985
2.73	0.120114
2.74	0.10974
2.75	0.0987882
2.76	0.0873215
2.77	0.0754062
2.78	0.0631107
2.79	0.0505052
2.8	0.0376612
2.81	0.0246517
2.82	0.0115501
2.83	-0.00156997
2.84	-0.014635
2.85	-0.0275719
2.86	-0.0403088
2.87	-0.0527749
2.88	-0.0649016
2.89	-0.0766219
2.9	-0.0878716
2.91	-0.0985895
2.92	-0.108717
2.93	-0.1182
2.94	-0.126987
2.95	-0.135032
2.96	-0.142291
2.97	-0.148728
2.98	-0.154307
2.99	-0.159002
3	-0.162789
3.01	-0.16565
3.02	-0.167571
3.03	-0.168545
3.04	-0.16857
3.05	-0.167649
3.06	-0.16579
3.07	-0.163006
3.08	-0.159316
3.09	-0.154744
3.1	-0.149318
3.11	-0.143072
3.12	-0.136042
3.13	-0.128271
3.14	-0.119805
3.15	-0.110693
3.16	-0.100989
3.17	-0.0907488
3.18	-0.0800312
3.19	-0.068898
3.2	-0.0574129
3.21	-0.0456413
3.22	-0.0336502
3.23	-0.0215073
3.24	-0.00928118
3.25	0.00295934
3.26	0.0151456
3.27	0.0272096
3.28	0.0390839
3.29	0.0507027
3.3	0.0620017
3.31	0.0729183
3.32	0.0833927
3.33	0.0933674
3.34	0.102788
3.35	0.111603
3.36	0.119766
3.37	0.127232
3.38	0.133962
3.39	0.139919
3.4	0.145074
3.41	0.149399
3.42	0.152872
3.43	0.155477
3.44	0.157202
3.45	0.158039
3.46	0.157987
3.47	0.157047
3.48	0.155229
3.49	0.152544
3.5	0.149011
3.51	0.144651
3.52	0.139491
3.53	0.133563
3.54	0.126902
3.55	0.119547
3.56	0.111541
3.57	0.102932
3.58	0.0937689
3.59	0.0841049
3.6	0.0739956
3.61	0.0634988
3.62	0.0526746
3.63	0.0415845
3.64	0.0302914
3.65	0.0188592
3.66	0.00735237
3.67	-0.00416431
3.68	-0.0156263
3.69	-0.0269694
3.7	-0.0381304
3.71	-0.0490472
3.72	-0.0596592
3.73	-0.0699077
3.74	-0.0797363
3.75	-0.0890909
3.76	-0.0979204
3.77	-0.106177
3.78	-0.113815
3.79	-0.120794
3.8	-0.127076
3.81	-0.132628
3.82	-0.137421
3.83	-0.14143
3.84	-0.144634
3.85	-0.147018
3.86	-0.14857
3.87	-0.149284
3.88	-0.149158
3.89	-0.148194
3.9	-0.146401
3.91	-0.143791
3.92	-0.140379
3.93	-0.136188
3.94	-0.131243
3.95	-0.125574
3.96	-0.119214
3.97	-0.1122
3.98	-0.104574
3.99	-0.09638
4	-0.0876653
4.01	-0.07848
4.02	-0.0688769
4.03	-0.0589109
4.04	-0.0486388
4.05	-0.038119
4.06	-0.0274111
4.07	-0.0165755
4.08	-0.00567351
4.09	0.00523368
4.1	0.0160848
4.11	0.0268193
4.12	0.037377
4.13	0.0476992
4.14	0.0577286
4.15	0.0674096
4.16	0.0766888
4.17	0.0855151
4.18	0.09384
4.19	0.101618
4.2	0.108807
4.21	0.115368
4.22	0.121265
4.23	0.126467
4.24	0.130947
4.25	0.134681
4.26	0.13765
4.27	0.139839
4.28	0.141237
4.29	0.141839
4.3	0.141643
4.31	0.140652
4.32	0.138874
4.33	0.136319
4.34	0.133005
4.35	0.128952
4.36	0.124184
4.37	0.118729
4.38	0.11262
4.39	0.105893
4.4	0.098586
4.41	0.090742
4.42	0.0824063
4.43	0.0736265
4.44	0.0644531
4.45	0.0549383
4.46	0.0451364
4.47	0.0351029
4.48	0.0248947
4.49	0.0145695
4.5	0.00418538
4.51	-0.00619917
4.52	-0.0165259
4.53	-0.026737
4.54	-0.0367754
4.55	-0.0465852
4.56	-0.0561119
4.57	-0.0653025
4.58	-0.0741063
4.59	-0.0824747
4.6	-0.0903617
4.61	-0.097724
4.62	-0.104522
4.63	-0.110717
4.64	-0.116278
4.65	-0.121174
4.66	-0.125378
4.67	-0.12887
4.68	-0.13163
4.69	-0.133645
4.7	-0.134905
4.71	-0.135405
4.72	-0.135143
4.73	-0.134122
4.74	-0.132351
4.75	-0.12984
4.76	-0.126605
4.77	-0.122666
4.78	-0.118046
4.79	-0.112772
4.8	-0.106877
4.81	-0.100393
4.82	-0.0933588
4.83	-0.0858149
4.84	-0.0778047
4.85	-0.0693739
4.86	-0.0605709
4.87	-0.0514458
4.88	-0.0420505
4.89	-0.0324382
4.9	-0.0226633
4.91	-0.0127811
4.92	-0.00284723
4.93	0.00708248
4.94	0.0169523
4.95	0.0267069
4.96	0.0362919
4.97	0.0456537
4.98	0.0547402
4.99	0.0635011
5	0.0718878
5.01	0.0798539
5.02	0.0873556
5.03	0.0943518
5.04	0.100804
5.05	0.106677
5.06	0.11194
5.07	0.116563
5.08	0.120523
5.09	0.123798
5.1	0.126371
5.11	0.128229
5.12	0.129363
5.13	0.129769
5.14	0.129444
5.15	0.128394
5.16	0.126624
5.17	0.124146
5.18	0.120976
5.19	0.117133
5.2	0.112639
5.21	0.10752
5.22	0.101808
5.23	0.095535
5.24	0.0887372
5.25	0.0814539
5.26	0.0737269
5.27	0.0656005
5.28	0.057121
5.29	0.0483368
5.3	0.0392976
5.31	0.0300546
5.32	0.0206603
5.33	0.0111676
5.34	0.0016299
5.35	-0.00789909
5.36	-0.0173659
5.37	-0.0267175
5.38	-0.0359017
5.39	-0.0448671
5.4	-0.0535639
5.41	-0.0619438
5.42	-0.0699602
5.43	-0.0775688
5.44	-0.0847277
5.45	-0.0913976
5.46	-0.0975418
5.47	-0.103127
5.48	-0.108122
5.49	-0.112502
5.5	-0.116241
5.51	-0.11932
5.52	-0.121724
5.53	-0.123439
5.54	-0.124458
5.55	-0.124776
5.56	-0.124393
5.57	-0.123312
5.58	-0.121539
5.59	-0.119088
5.6	-0.115971
5.61	-0.112209
5.62	-0.107823
5.63	-0.102839
5.64	-0.0972868
5.65	-0.0911975
5.66	-0.0846067
5.67	-0.0775523
5.68	-0.0700747
5.69	-0.0622166
5.7	-0.0540228
5.71	-0.0455399
5.72	-0.036816
5.73	-0.0279006
5.74	-0.0188439
5.75	-0.00969719
5.76	-0.000511876
5.77	0.00866038
5.78	0.0177681
5.79	0.0267603
5.8	0.0355866
5.81	0.0441978
5.82	0.0525459
5.83	0.0605845
5.84	0.068269
5.85	0.0755569
5.86	0.0824078
5.87	0.0887842
5.88	0.0946509
5.89	0.099976
5.9	0.10473
5.91	0.108888
5.92	0.112428
5.93	0.115329
5.94	0.117578
5.95	0.119163
5.96	0.120076
5.97	0.120312
5.98	0.119872
5.99	0.11876
6	0.116982
6.01	0.11455
6.02	0.111479
6.03	0.107787
6.04	0.103495
6.05	0.0986283
6.06	0.0932161
6.07	0.0872891
6.08	0.0808815
6.09	0.07403
6.1	0.0667739
6.11	0.0591546
6.12	0.0512154
6.13	0.0430015
6.14	0.0345593
6.15	0.0259368
6.16	0.0171826
6.17	0.00834601
6.18	-0.00052313
6.19	-0.00937499
6.2	-0.0181599
6.21	-0.0268286
6.22	-0.0353327
6.23	-0.0436246
6.24	-0.0516581
6.25	-0.0593886
6.26	-0.066773
6.27	-0.0737706
6.28	-0.0803425
6.29	-0.0864527
6.3	-0.0920674
6.31	-0.0971561
6.32	-0.101691
6.33	-0.105647
6.34	-0.109004
6.35	-0.111743
6.36	-0.113849
6.37	-0.115313
6.38	-0.116127
6.39	-0.116287
6.4	-0.115794
6.41	-0.11465
6.42	-0.112865
6.43	-0.110448
6.44	-0.107415
6.45	-0.103782
6.46	-0.0995725
6.47	-0.0948099
6.48	-0.089522
6.49	-0.0837393
6.5	-0.077495
6.51	-0.070825
6.52	-0.0637674
6.53	-0.0563623
6.54	-0.0486518
6.55	-0.0406799
6.56	-0.0324915
6.57	-0.0241331
6.58	-0.0156518
6.59	-0.0070955
6.6	0.00148773
6.61	0.0100496
6.62	0.0185421
6.63	0.0269175
6.64	0.0351292
6.65	0.0431311
6.66	0.0508787
6.67	0.0583288
6.68	0.06544
6.69	0.072173
6.7	0.0784904
6.71	0.0843574
6.72	0.0897418
6.73	0.0946139
6.74	0.0989473
6.75	0.102718
6.76	0.105907
6.77	0.108495
6.78	0.110471
6.79	0.111822
6.8	0.112544
6.81	0.112632
6.82	0.112087
6.83	0.110913
6.84	0.109118
6.85	0.106713
6.86	0.103711
6.87	0.100131
6.88	0.0959938
6.89	0.0913232
6.9	0.0861463
6.91	0.080493
6.92	0.0743955
6.93	0.0678889
6.94	0.0610102
6.95	0.0537987
6.96	0.0462953
6.97	0.0385425
6.98	0.0305844
6.99	0.0224657
7	0.0142325
7.01	0.00593107
7.02	-0.00239186
7.03	-0.0106895
7.04	-0.0189153
7.05	-0.0270231
7.06	-0.0349677
7.07	-0.0427045
7.08	-0.0501904
7.09	-0.0573838
7.1	-0.0642447
7.11	-0.0707349
7.12	-0.0768186
7.13	-0.0824622
7.14	-0.0876345
7.15	-0.0923073
7.16	-0.0964549
7.17	-0.100055
7.18	-0.103087
7.19	-0.105537
7.2	-0.10739
7.21	-0.108637
7.22	-0.109272
7.23	-0.109292
7.24	-0.108698
7.25	-0.107494
7.26	-0.105688
7.27	-0.10329
7.28	-0.100316
7.29	-0.0967814
7.3	-0.0927084
7.31	-0.0881201
7.32	-0.0830429
7.33	-0.0775062
7.34	-0.0715414
7.35	-0.0651829
7.36	-0.0584667
7.37	-0.0514312
7.38	-0.0441163
7.39	-0.0365633
7.4	-0.0288152
7.41	-0.0209156
7.42	-0.0129092
7.43	-0.00484102
7.44	0.00324351
7.45	0.011299
7.46	0.0192801
7.47	0.0271423
7.48	0.0348414
7.49	0.0423344
7.5	0.0495797
7.51	0.0565367
7.52	0.0631667
7.53	0.0694331
7.54	0.075301
7.55	0.0807381
7.56	0.0857143
7.57	0.0902023
7.58	0.0941776
7.59	0.0976185
7.6	0.100506
7.61	0.102826
7.62	0.104564
7.63	0.105713
7.64	0.106267
7.65	0.106222
7.66	0.105581
7.67	0.104347
7.68	0.102529
7.69	0.100137
7.7	0.0971853
7.71	0.0936915
7.72	0.0896758
7.73	0.0851614
7.74	0.0801744
7.75	0.0747434
7.76	0.0688993
7.77	0.0626757
7.78	0.056108
7.79	0.0492334
7.8	0.042091
7.81	0.0347212
7.82	0.0271658
7.83	0.0194674
7.84	0.0116695
7.85	0.00381587
7.86	-0.00404915
7.87	-0.0118814
7.88	-0.019637
7.89	-0.0272724
7.9	-0.0347449
7.91	-0.0420127
7.92	-0.0490352
7.93	-0.0557734
7.94	-0.0621897
7.95	-0.0682485
7.96	-0.0739162
7.97	-0.0791615
7.98	-0.0839554
7.99	-0.0882716
8	-0.0920863
8.01	-0.0953789
8.02	-0.0981315
8.03	-0.100329
8.04	-0.101961
8.05	-0.103017
8.06	-0.103493
8.07	-0.103387
8.08	-0.1027
8.09	-0.101438
8.1	-0.0996062
8.11	-0.0972175
8.12	-0.0942854
8.13	-0.0908272
8.14	-0.0868629
8.15	-0.0824154
8.16	-0.0775102
8.17	-0.0721756
8.18	-0.0664419
8.19	-0.0603418
8.2	-0.0539102
8.21	-0.0471835
8.22	-0.0401998
8.23	-0.0329988
8.24	-0.0256211
8.25	-0.0181084
8.26	-0.010503
8.27	-0.00284781
8.28	0.00481413
8.29	0.0124398
8.3	0.0199863
8.31	0.0274115
8.32	0.0346737
8.33	0.0417323
8.34	0.048548
8.35	0.0550828
8.36	0.0613002
8.37	0.0671657
8.38	0.0726468
8.39	0.0777132
8.4	0.0823368
8.41	0.0864924
8.42	0.0901569
8.43	0.0933106
8.44	0.0959361
8.45	0.0980195
8.46	0.0995497
8.47	0.100519
8.48	0.100922
8.49	0.100757
8.5	0.100027
8.51	0.0987349
8.52	0.0968899
8.53	0.0945027
8.54	0.0915872
8.55	0.0881605
8.56	0.0842425
8.57	0.0798556
8.58	0.0750251
8.59	0.0697787
8.6	0.0641463
8.61	0.05816
8.62	0.0518539
8.63	0.0452637
8.64	0.0384268
8.65	0.0313818
8.66	0.0241687
8.67	0.0168281
8.68	0.00940134
8.69	0.00193035
8.7	-0.00554289
8.71	-0.0129764
8.72	-0.0203285
8.73	-0.0275579
8.74	-0.0346242
8.75	-0.0414878
8.76	-0.0481105
8.77	-0.0544553
8.78	-0.0604869
8.79	-0.0661717
8.8	-0.0714782
8.81	-0.076377
8.82	-0.0808411
8.83	-0.0848459
8.84	-0.0883694
8.85	-0.0913924
8.86	-0.0938983
8.87	-0.0958739
8.88	-0.0973084
8.89	-0.0981946
8.9	-0.098528
8.91	-0.0983073
8.92	-0.0975345
8.93	-0.0962145
8.94	-0.0943553
8.95	-0.091968
8.96	-0.0890666
8.97	-0.0856679
8.98	-0.0817916
8.99	-0.0774601
9	-0.0726981
9.01	-0.0675328
9.02	-0.0619938
9.03	-0.0561126
9.04	-0.0499226
9.05	-0.0434589
9.06	-0.0367581
9.07	-0.0298582
9.08	-0.0227981
9.09	-0.0156177
9.1	-0.00835735
9.11	-0.00105805
9.12	0.00623918
9.13	0.0134934
9.14	0.0206638
9.15	0.0277102
9.16	0.0345933
9.17	0.0412744
9.18	0.0477164
9.19	0.0538832
9.2	0.0597404
9.21	0.0652557
9.22	0.0703982
9.23	0.0751396
9.24	0.0794536
9.25	0.0833165
9.26	0.0867071
9.27	0.0896067
9.28	0.0919997
9.29	0.0938731
9.3	0.095217
9.31	0.0960244
9.32	0.0962913
9.33	0.0960169
9.34	0.0952032
9.35	0.0938554
9.36	0.0919816
9.37	0.0895929
9.38	0.0867034
9.39	0.0833297
9.4	0.0794913
9.41	0.0752103
9.42	0.0705113
9.43	0.0654209
9.44	0.0599684
9.45	0.0541847
9.46	0.0481025
9.47	0.0417565
9.48	0.0351826
9.49	0.0284179
9.5	0.0215006
9.51	0.0144697
9.52	0.00736498
9.53	0.000226295
9.54	-0.00690617
9.55	-0.0139924
9.56	-0.0209925
9.57	-0.0278674
9.58	-0.0345784
9.59	-0.0410882
9.6	-0.0473603
9.61	-0.0533597
9.62	-0.059053
9.63	-0.0644086
9.64	-0.0693967
9.65	-0.0739896
9.66	-0.078162
9.67	-0.0818909
9.68	-0.0851557
9.69	-0.0879386
9.7	-0.0902244
9.71	-0.0920009
9.72	-0.0932586
9.73	-0.0939909
9.74	-0.0941943
9.75	-0.0938682
9.76	-0.0930149
9.77	-0.0916398
9.78	-0.0897511
9.79	-0.08736
9.8	-0.0844804
9.81	-0.081129
9.82	-0.0773251
9.83	-0.0730906
9.84	-0.0684497
9.85	-0.0634288
9.86	-0.0580565
9.87	-0.0523635
9.88	-0.0463819
9.89	-0.0401458
9.9	-0.0336904
9.91	-0.0270521
9.92	-0.0202686
9.93	-0.013378
9.94	-0.00641909
9.95	0.000568854
9.96	0.00754658
9.97	0.0144749
9.98	0.0213149
9.99	0.0280283
10	0.0345775
