0	0.999
0.0125	0.998987
0.025	0.998974
0.0375	0.998961
0.05	0.998947
0.0625	0.998933
0.075	0.998919
0.0875	0.998904
0.1	0.998889
0.1125	0.998873
0.125	0.998857
0.1375	0.998841
0.15	0.998824
0.1625	0.998806
0.175	0.998788
0.1875	0.99877
0.2	0.99875
0.2125	0.998731
0.225	0.99871
0.2375	0.998689
0.25	0.998667
0.2625	0.998645
0.275	0.998621
0.2875	0.998597
0.3	0.998572
0.3125	0.998546
0.325	0.998519
0.3375	0.998492
0.35	0.998463
0.3625	0.998433
0.375	0.998401
0.3875	0.998369
0.4	0.998335
0.4125	0.998299
0.425	0.998263
0.4375	0.998224
0.45	0.998184
0.4625	0.998142
0.475	0.998098
0.4875	0.998052
0.5	0.998003
0.5125	0.997952
0.525	0.997898
0.5375	0.997842
0.55	0.997782
0.5625	0.997719
0.575	0.997652
0.5875	0.997582
0.6	0.997507
0.6125	0.997427
0.625	0.997341
0.6375	0.99725
0.65	0.997153
0.6625	0.997048
0.675	0.996936
0.6875	0.996815
0.7	0.996683
0.7125	0.996541
0.725	0.996386
0.7375	0.996216
0.75	0.99603
0.7625	0.995824
0.775	0.995597
0.7875	0.995343
0.8	0.995059
0.8125	0.994738
0.825	0.994374
0.8375	0.993956
0.85	0.993473
0.8625	0.992907
0.875	0.992238
0.8875	0.991435
0.9	0.990454
0.9125	0.989233
0.925	0.98768
0.9375	0.985654
0.95	0.982936
0.9625	0.979181
0.975	0.973874
0.9875	0.966336
1	0.955932
1.0125	0.942502
1.025	0.92656
1.0375	0.908955
1.05	0.890454
1.0625	0.87159
1.075	0.852695
1.0875	0.833968
1.1	0.815527
1.1125	0.797441
1.125	0.779751
1.1375	0.762477
1.15	0.745629
1.1625	0.729208
1.175	0.713213
1.1875	0.697636
1.2	0.682471
1.2125	0.667707
1.225	0.653335
1.2375	0.639345
1.25	0.625725
1.2625	0.612465
1.275	0.599554
1.2875	0.586982
1.3	0.574738
1.3125	0.562812
1.325	0.551194
1.3375	0.539875
1.35	0.528845
1.3625	0.518096
1.375	0.507619
1.3875	0.497404
1.4	0.487445
1.4125	0.477734
1.425	0.468262
1.4375	0.459023
1.45	0.450009
1.4625	0.441214
1.475	0.432631
1.4875	0.424254
1.5	0.416077
1.5125	0.408093
1.525	0.400298
1.5375	0.392685
1.55	0.38525
1.5625	0.377987
1.575	0.370891
1.5875	0.363958
1.6	0.357182
1.6125	0.350561
1.625	0.344088
1.6375	0.337761
1.65	0.331575
1.6625	0.325526
1.675	0.31961
1.6875	0.313824
1.7	0.308165
1.7125	0.302629
1.725	0.297212
1.7375	0.291912
1.75	0.286725
1.7625	0.281649
1.775	0.27668
1.7875	0.271816
1.8	0.267055
1.8125	0.262392
1.825	0.257827
1.8375	0.253356
1.85	0.248978
1.8625	0.244689
1.875	0.240488
1.8875	0.236372
1.9	0.23234
1.9125	0.228388
1.925	0.224516
1.9375	0.220722
1.95	0.217003
1.9625	0.213357
1.975	0.209784
1.9875	0.206281
2	0.202846
2.0125	0.199478
2.025	0.196176
2.0375	0.192937
2.05	0.189761
2.0625	0.186646
2.075	0.18359
2.0875	0.180592
2.1	0.177651
2.1125	0.174766
2.125	0.171935
2.1375	0.169157
2.15	0.166431
2.1625	0.163756
2.175	0.16113
2.1875	0.158553
2.2	0.156023
2.2125	0.15354
2.225	0.151102
2.2375	0.148709
2.25	0.146359
2.2625	0.144052
2.275	0.141786
2.2875	0.139561
2.3	0.137376
2.3125	0.135229
2.325	0.133122
2.3375	0.131051
2.35	0.129017
2.3625	0.127019
2.375	0.125056
2.3875	0.123128
2.4	0.121233
2.4125	0.119371
2.425	0.117542
2.4375	0.115744
2.45	0.113977
2.4625	0.112241
2.475	0.110534
2.4875	0.108857
2.5	0.107209
2.5125	0.105588
2.525	0.103995
2.5375	0.102429
2.55	0.100889
2.5625	0.0993754
2.575	0.097887
2.5875	0.0964236
2.6	0.0949846
2.6125	0.0935696
2.625	0.0921781
2.6375	0.0908096
2.65	0.0894638
2.6625	0.0881401
2.675	0.0868382
2.6875	0.0855577
2.7	0.0842981
2.7125	0.0830591
2.725	0.0818403
2.7375	0.0806412
2.75	0.0794616
2.7625	0.0783011
2.775	0.0771593
2.7875	0.0760358
2.8	0.0749304
2.8125	0.0738427
2.825	0.0727724
2.8375	0.0717192
2.85	0.0706827
2.8625	0.0696626
2.875	0.0686588
2.8875	0.0676708
2.9	0.0666983
2.9125	0.0657412
2.925	0.0647991
2.9375	0.0638718
2.95	0.062959
2.9625	0.0620604
2.975	0.0611759
2.9875	0.0603051
3	0.0594478
3.0125	0.0586037
3.025	0.0577728
3.0375	0.0569546
3.05	0.056149
3.0625	0.0553558
3.075	0.0545748
3.0875	0.0538057
3.1	0.0530484
3.1125	0.0523026
3.125	0.0515682
3.1375	0.050845
3.15	0.0501327
3.1625	0.0494311
3.175	0.0487402
3.1875	0.0480598
3.2	0.0473895
3.2125	0.0467294
3.225	0.0460791
3.2375	0.0454386
3.25	0.0448077
3.2625	0.0441862
3.275	0.0435739
3.2875	0.0429708
3.3	0.0423767
3.3125	0.0417913
3.325	0.0412146
3.3375	0.0406465
3.35	0.0400867
3.3625	0.0395352
3.375	0.0389918
3.3875	0.0384564
3.4	0.0379289
3.4125	0.0374091
3.425	0.0368969
3.4375	0.0363921
3.45	0.0358948
3.4625	0.0354047
3.475	0.0349217
3.4875	0.0344457
3.5	0.0339766
3.5125	0.0335144
3.525	0.0330588
3.5375	0.0326098
3.55	0.0321672
3.5625	0.0317311
3.575	0.0313012
3.5875	0.0308775
3.6	0.0304599
3.6125	0.0300482
3.625	0.0296425
3.6375	0.0292425
3.65	0.0288483
3.6625	0.0284597
3.675	0.0280766
3.6875	0.027699
3.7	0.0273267
3.7125	0.0269597
3.725	0.0265979
3.7375	0.0262412
3.75	0.0258896
3.7625	0.0255429
3.775	0.0252011
3.7875	0.0248642
3.8	0.0245319
3.8125	0.0242044
3.825	0.0238814
3.8375	0.023563
3.85	0.023249
3.8625	0.0229395
3.875	0.0226342
3.8875	0.0223332
3.9	0.0220364
3.9125	0.0217438
3.925	0.0214552
3.9375	0.0211706
3.95	0.02089
3.9625	0.0206133
3.975	0.0203404
3.9875	0.0200713
4	0.0198059
4.0125	0.0195441
4.025	0.019286
4.0375	0.0190315
4.05	0.0187804
4.0625	0.0185328
4.075	0.0182887
4.0875	0.0180478
4.1	0.0178103
4.1125	0.017576
4.125	0.017345
4.1375	0.0171171
4.15	0.0168923
4.1625	0.0166706
4.175	0.0164519
4.1875	0.0162362
4.2	0.0160234
4.2125	0.0158136
4.225	0.0156066
4.2375	0.0154024
4.25	0.015201
4.2625	0.0150023
4.275	0.0148063
4.2875	0.0146129
4.3	0.0144222
4.3125	0.0142341
4.325	0.0140485
4.3375	0.0138654
4.35	0.0136848
4.3625	0.0135066
4.375	0.0133308
4.3875	0.0131574
4.4	0.0129863
4.4125	0.0128175
4.425	0.012651
4.4375	0.0124867
4.45	0.0123246
4.4625	0.0121647
4.475	0.012007
4.4875	0.0118513
4.5	0.0116977
4.5125	0.0115462
4.525	0.0113967
4.5375	0.0112492
4.55	0.0111037
4.5625	0.0109601
4.575	0.0108184
4.5875	0.0106786
4.6	0.0105407
4.6125	0.0104046
4.625	0.0102703
4.6375	0.0101378
4.65	0.010007
4.6625	0.00987801
4.675	0.0097507
4.6875	0.00962508
4.7	0.00950112
4.7125	0.00937881
4.725	0.0092581
4.7375	0.009139
4.75	0.00902146
4.7625	0.00890548
4.775	0.00879103
4.7875	0.00867809
4.8	0.00856663
4.8125	0.00845664
4.825	0.0083481
4.8375	0.00824099
4.85	0.00813529
4.8625	0.00803097
4.875	0.00792802
4.8875	0.00782643
4.9	0.00772617
4.9125	0.00762722
4.925	0.00752957
4.9375	0.0074332
4.95	0.00733809
4.9625	0.00724422
4.975	0.00715158
4.9875	0.00706016
