0 0.307653
0.0634665 0.294089
0.126933 0.275943
0.1904 0.262712
0.253866 0.253702
0.317333 0.269647
0.380799 0.256754
0.444266 0.257537
0.507732 0.256775
0.571199 0.260504
0.634665 0.256796
0.698132 0.265042
0.761598 0.272873
0.825065 0.278081
0.888531 0.287937
0.951998 0.286858
1.01546 0.290753
1.07893 0.296913
1.1424 0.295382
1.20586 0.292793
1.26933 0.293817
1.3328 0.329459
1.39626 0.292501
1.45973 0.239524
1.5232 0.196135
1.58666 0.177081
1.65013 0.198401
1.7136 0.234262
1.77706 0.266557
1.84053 0.251442
1.904 0.22958
1.96746 0.220328
2.03093 0.217369
2.0944 0.194144
2.15786 0.190843
2.22133 0.165702
2.28479 0.148667
2.34826 0.131675
2.41173 0.114475
2.47519 0.101747
2.53866 0.0897156
2.60213 0.0869944
2.66559 0.0746305
2.72906 0.104449
2.79253 0.0807555
2.85599 0.111027
2.91946 0.142156
2.98293 0.130884
3.04639 0.154676
3.10986 0.197571
3.17333 0.197571
3.23679 0.154676
3.30026 0.130884
3.36373 0.142156
3.42719 0.111027
3.49066 0.0807555
3.55413 0.104449
3.61759 0.0746305
3.68106 0.0869944
3.74452 0.0897156
3.80799 0.101747
3.87146 0.114475
3.93492 0.131675
3.99839 0.148667
4.06186 0.165702
4.12532 0.190843
4.18879 0.194144
4.25226 0.217369
4.31572 0.220328
4.37919 0.22958
4.44266 0.251442
4.50612 0.266557
4.56959 0.234262
4.63306 0.198401
4.69652 0.177081
4.75999 0.196135
4.82346 0.239524
4.88692 0.292501
4.95039 0.329459
5.01385 0.293817
5.07732 0.292793
5.14079 0.295382
5.20425 0.296913
5.26772 0.290753
5.33119 0.286858
5.39465 0.287937
5.45812 0.278081
5.52159 0.272873
5.58505 0.265042
5.64852 0.256796
5.71199 0.260504
5.77545 0.256775
5.83892 0.257537
5.90239 0.256754
5.96585 0.269647
6.02932 0.253702
6.09279 0.262712
6.15625 0.275943
6.21972 0.294089
6.28319 0.307653
