1.5708 0.00627872
1.50733 0.00731924
1.44386 0.00941914
1.3804 0.0108466
1.31693 0.0177066
1.25346 0.0223938
1.19 0.0357929
1.12653 0.0457605
1.06306 0.0622494
0.999598 0.0763625
0.936131 0.0982061
0.872665 0.11432
0.809198 0.132427
0.745732 0.15333
0.682265 0.170599
0.618799 0.188982
0.555332 0.203612
0.491866 0.218201
0.428399 0.23106
0.364932 0.247607
0.301466 0.252769
0.237999 0.261335
0.174533 0.271439
0.111066 0.268204
0.0475999 0.273576
-0.0158666 0.273329
-0.0793331 0.272354
-0.1428 0.26924
-0.206266 0.261771
-0.269733 0.258288
-0.333199 0.245036
-0.396666 0.239001
-0.460132 0.222392
-0.523599 0.211388
-0.587065 0.199261
-0.650532 0.177533
-0.713998 0.162642
-0.777465 0.14403
-0.840931 0.12291
-0.904398 0.103446
-0.967864 0.0874108
-1.03133 0.0762208
-1.0948 0.0569206
-1.15826 0.0454559
-1.22173 0.0311111
-1.2852 0.0241006
-1.34866 0.0147101
-1.41213 0.00881296
-1.4756 0.00784394
-1.53906 0.00747426
-1.60253 0.00627872
-1.666 0.00837318
-1.72946 0.0119786
-1.79293 0.0158482
-1.8564 0.0207046
-1.91986 0.0274221
-1.98333 0.0354405
-2.0468 0.0425176
-2.11026 0.0505011
-2.17373 0.0568581
-2.23719 0.0700041
-2.30066 0.0760476
-2.36413 0.0834974
-2.42759 0.0929197
-2.49106 0.0985041
-2.55453 0.106759
-2.61799 0.109493
-2.68146 0.114137
-2.74493 0.11809
-2.80839 0.127908
-2.87186 0.124881
-2.93533 0.128723
-2.99879 0.127947
-3.06226 0.128216
-3.12573 0.12986
-3.18919 0.129645
-3.25266 0.131092
-3.31613 0.125913
-3.37959 0.123959
-3.44306 0.127148
-3.50653 0.123106
-3.56999 0.121736
-3.63346 0.115221
-3.69692 0.11044
-3.76039 0.111667
-3.82386 0.100254
-3.88732 0.0964022
-3.95079 0.0891973
-4.01426 0.0793976
-4.07772 0.0702559
-4.14119 0.0638234
-4.20466 0.061609
-4.26812 0.0486567
-4.33159 0.0428803
-4.39506 0.0313995
-4.45852 0.0283073
-4.52199 0.0181601
-4.58546 0.017121
-4.64892 0.0101189
-4.71239 0.00725955
