0 0.0298819
0.0634665 0.0390189
0.126933 0.0486085
0.1904 0.0538772
0.253866 0.0421922
0.317333 0.0497721
0.380799 0.0457674
0.444266 0.0510505
0.507732 0.0529794
0.571199 0.0618653
0.634665 0.0727804
0.698132 0.084727
0.761598 0.0955972
0.825065 0.10967
0.888531 0.120034
0.951998 0.132885
1.01546 0.142611
1.07893 0.153145
1.1424 0.162022
1.20586 0.151401
1.26933 0.166507
1.3328 0.169023
1.39626 0.137895
1.45973 0.195448
1.5232 0.248586
1.58666 0.26752
1.65013 0.231876
1.7136 0.169848
1.77706 0.16125
1.84053 0.166906
1.904 0.177157
1.96746 0.176452
2.03093 0.160875
2.0944 0.158108
2.15786 0.146628
2.22133 0.139247
2.28479 0.120467
2.34826 0.107735
2.41173 0.100828
2.47519 0.0842639
2.53866 0.0818691
2.60213 0.0726928
2.66559 0.0793009
2.72906 0.0851025
2.79253 0.0953471
2.85599 0.110493
2.91946 0.117482
2.98293 0.118032
3.04639 0.127055
3.10986 0.0704566
3.17333 0.0704566
3.23679 0.127055
3.30026 0.118032
3.36373 0.117482
3.42719 0.110493
3.49066 0.0953471
3.55413 0.0851025
3.61759 0.0793009
3.68106 0.0726928
3.74452 0.0818691
3.80799 0.0842639
3.87146 0.100828
3.93492 0.107735
3.99839 0.120467
4.06186 0.139247
4.12532 0.146628
4.18879 0.158108
4.25226 0.160875
4.31572 0.176452
4.37919 0.177157
4.44266 0.166906
4.50612 0.16125
4.56959 0.169848
4.63306 0.231876
4.69652 0.26752
4.75999 0.248586
4.82346 0.195448
4.88692 0.137895
4.95039 0.169023
5.01385 0.166507
5.07732 0.151401
5.14079 0.162022
5.20425 0.153145
5.26772 0.142611
5.33119 0.132885
5.39465 0.120034
5.45812 0.10967
5.52159 0.0955972
5.58505 0.084727
5.64852 0.0727804
5.71199 0.0618653
5.77545 0.0529794
5.83892 0.0510505
5.90239 0.0457674
5.96585 0.0497721
6.02932 0.0421922
6.09279 0.0538772
6.15625 0.0486085
6.21972 0.0390189
6.28319 0.0298819
