0 0.430643
0.0634665 0.430643
0.126933 0.430643
0.1904 0.430643
0.253866 0.430643
0.317333 0.430643
0.380799 0.430643
0.444266 0.430643
0.507732 0.430643
0.571199 0.430643
0.634665 0.430643
0.698132 0.430643
0.761598 0.430643
0.825065 0.430643
0.888531 0.430643
0.951998 0.430643
1.01546 0.430643
1.07893 0.430643
1.1424 0.430643
1.20586 0.430643
1.26933 0.430643
1.3328 0.430643
1.39626 0.430643
1.45973 0.430643
1.5232 0.430643
1.58666 0.430643
1.65013 0.430643
1.7136 0.430643
1.77706 0.430643
1.84053 0.430643
1.904 0.430643
1.96746 0.430643
2.03093 0.430643
2.0944 0.430643
2.15786 0.430643
2.22133 0.430643
2.28479 0.430643
2.34826 0.430643
2.41173 0.430643
2.47519 0.430643
2.53866 0.430643
2.60213 0.430643
2.66559 0.430643
2.72906 0.430643
2.79253 0.430643
2.85599 0.430643
2.91946 0.430643
2.98293 0.430643
3.04639 0.430643
3.10986 0.430643
3.17333 0.430643
3.23679 0.430643
3.30026 0.430643
3.36373 0.430643
3.42719 0.430643
3.49066 0.430643
3.55413 0.430643
3.61759 0.430643
3.68106 0.430643
3.74452 0.430643
3.80799 0.430643
3.87146 0.430643
3.93492 0.430643
3.99839 0.430643
4.06186 0.430643
4.12532 0.430643
4.18879 0.430643
4.25226 0.430643
4.31572 0.430643
4.37919 0.430643
4.44266 0.430643
4.50612 0.430643
4.56959 0.430643
4.63306 0.430643
4.69652 0.430643
4.75999 0.430643
4.82346 0.430643
4.88692 0.430643
4.95039 0.430643
5.01385 0.430643
5.07732 0.430643
5.14079 0.430643
5.20425 0.430643
5.26772 0.430643
5.33119 0.430643
5.39465 0.430643
5.45812 0.430643
5.52159 0.430643
5.58505 0.430643
5.64852 0.430643
5.71199 0.430643
5.77545 0.430643
5.83892 0.430643
5.90239 0.430643
5.96585 0.430643
6.02932 0.430643
6.09279 0.430643
6.15625 0.430643
6.21972 0.430643
6.28319 0.430643
