0 0.172622
0.0634665 0.170764
0.126933 0.170785
0.1904 0.167566
0.253866 0.168648
0.317333 0.170712
0.380799 0.174227
0.444266 0.180632
0.507732 0.172347
0.571199 0.173192
0.634665 0.175038
0.698132 0.173127
0.761598 0.174161
0.825065 0.177687
0.888531 0.175078
0.951998 0.174355
1.01546 0.173637
1.07893 0.173859
1.1424 0.179802
1.20586 0.173625
1.26933 0.169869
1.3328 0.168303
1.39626 0.167695
1.45973 0.171824
1.5232 0.170972
1.58666 0.172135
1.65013 0.171125
1.7136 0.169587
1.77706 0.167697
1.84053 0.169369
1.904 0.172232
1.96746 0.175743
2.03093 0.178539
2.0944 0.172006
2.15786 0.173611
2.22133 0.177045
2.28479 0.17278
2.34826 0.172722
2.41173 0.174046
2.47519 0.177429
2.53866 0.174978
2.60213 0.172537
2.66559 0.176507
2.72906 0.177771
2.79253 0.173897
2.85599 0.169674
2.91946 0.168121
2.98293 0.168497
3.04639 0.171474
3.10986 0.171583
3.17333 0.171583
3.23679 0.171474
3.30026 0.168497
3.36373 0.168121
3.42719 0.169674
3.49066 0.173897
3.55413 0.177771
3.61759 0.176507
3.68106 0.172537
3.74452 0.174978
3.80799 0.177429
3.87146 0.174046
3.93492 0.172722
3.99839 0.17278
4.06186 0.177045
4.12532 0.173611
4.18879 0.172006
4.25226 0.178539
4.31572 0.175743
4.37919 0.172232
4.44266 0.169369
4.50612 0.167697
4.56959 0.169587
4.63306 0.171125
4.69652 0.172135
4.75999 0.170972
4.82346 0.171824
4.88692 0.167695
4.95039 0.168303
5.01385 0.169869
5.07732 0.173625
5.14079 0.179802
5.20425 0.173859
5.26772 0.173637
5.33119 0.174355
5.39465 0.175078
5.45812 0.177687
5.52159 0.174161
5.58505 0.173127
5.64852 0.175038
5.71199 0.173192
5.77545 0.172347
5.83892 0.180632
5.90239 0.174227
5.96585 0.170712
6.02932 0.168648
6.09279 0.167566
6.15625 0.170785
6.21972 0.170764
6.28319 0.172622
