0 3.01755e-17 0.0157791
1 -0.0038489 0.0180541
2 -0.00785064 0.0181351
3 -0.0113676 0.0159201
4 -0.0116859 0.0115897
5 -0.00742046 0.00559686
6 0.00126432 -0.00137847
7 0.0100267 -0.00850338
8 0.0156629 -0.0148886
9 0.0181134 -0.0196957
10 0.0200127 -0.022243
11 0.0216681 -0.0220971
12 0.0192209 -0.0191378
13 0.0131816 -0.0135881
14 0.00564596 -0.00600412
15 -0.00131153 0.00277596
16 -0.0102052 0.01172
17 -0.0180873 0.0197173
18 -0.0239179 0.0257092
19 -0.0266929 0.0288212
20 -0.0269607 0.0284783
21 -0.0239683 0.0244932
22 -0.0164973 0.0171112
23 -0.0075499 0.00700821
24 0.00409147 -0.00476254
25 0.0146224 -0.0168706
26 0.0264468 -0.0278465
27 0.0335798 -0.0362438
28 0.038261 -0.0408086
29 0.0380838 -0.040637
30 0.0338489 -0.0353038
31 0.0238283 -0.0249452
32 0.00989321 -0.0102857
33 -0.00572371 0.00739599
34 -0.0241886 0.0263615
35 -0.0407628 0.0445593
36 -0.0564819 0.0598084
37 -0.0645663 0.0699999
38 -0.0696509 0.073293
39 -0.0640739 0.0682793
40 -0.0521251 0.0540876
41 -0.0288005 0.0303963
42 0.00128252 -0.00269177
43 0.04141 -0.0449999
44 0.0913143 -0.0970675
45 0.152438 -0.162013
46 0.23797 -0.250701
47 0.363057 -0.400122
48 0.507466 -0.768509
49 0.429147 -2.65707
50 -2.5411e-16 -inf
51 -0.429147 -2.65707
52 -0.507466 -0.768509
53 -0.363057 -0.400122
54 -0.23797 -0.250701
55 -0.152438 -0.162013
56 -0.0913143 -0.0970675
57 -0.04141 -0.0449999
58 -0.00128252 -0.00269177
59 0.0288005 0.0303963
60 0.0521251 0.0540876
61 0.0640739 0.0682793
62 0.0696509 0.073293
63 0.0645663 0.0699999
64 0.0564819 0.0598084
65 0.0407628 0.0445593
66 0.0241886 0.0263615
67 0.00572371 0.00739599
68 -0.00989321 -0.0102857
69 -0.0238283 -0.0249452
70 -0.0338489 -0.0353038
71 -0.0380838 -0.040637
72 -0.038261 -0.0408086
73 -0.0335798 -0.0362438
74 -0.0264468 -0.0278465
75 -0.0146224 -0.0168706
76 -0.00409147 -0.00476254
77 0.0075499 0.00700821
78 0.0164973 0.0171112
79 0.0239683 0.0244932
80 0.0269607 0.0284783
81 0.0266929 0.0288212
82 0.0239179 0.0257092
83 0.0180873 0.0197173
84 0.0102052 0.01172
85 0.00131153 0.00277596
86 -0.00564596 -0.00600412
87 -0.0131816 -0.0135881
88 -0.0192209 -0.0191378
89 -0.0216681 -0.0220971
90 -0.0200127 -0.022243
91 -0.0181134 -0.0196957
92 -0.0156629 -0.0148886
93 -0.0100267 -0.00850338
94 -0.00126432 -0.00137847
95 0.00742046 0.00559686
96 0.0116859 0.0115897
97 0.0113676 0.0159201
98 0.00785064 0.0181351
99 0.0038489 0.0180541
