0 0.00177149 0.00786389
1 0.00323741 0.00899718
2 0.00478383 0.00903693
3 0.00741223 0.00793272
4 0.00775365 0.00577504
5 0.00588839 0.00278985
6 0.00110593 -0.000683791
7 -0.00380976 -0.00423093
8 -0.00660514 -0.00740876
9 -0.00836331 -0.00980018
10 -0.00921834 -0.0110664
11 -0.0107517 -0.0109925
12 -0.00930149 -0.00951947
13 -0.00669885 -0.00675933
14 -0.00238139 -0.00298955
15 0.000538597 0.00137252
16 0.00508431 0.00581353
17 0.00920573 0.00978177
18 0.0119705 0.0127523
19 0.0134546 0.0142923
20 0.0135971 0.0141187
21 0.0121877 0.0121409
22 0.00830907 0.00848366
23 0.00405499 0.00348461
24 -0.00173263 -0.00233233
25 -0.00688947 -0.00830754
26 -0.0129785 -0.0137147
27 -0.0162892 -0.0178417
28 -0.0184143 -0.0200747
29 -0.0185212 -0.0199761
30 -0.0163528 -0.0173474
31 -0.0112549 -0.012269
32 -0.00426942 -0.00511157
33 0.00314627 0.00348336
34 0.0123072 0.0126535
35 0.0204332 0.0213924
36 0.0282616 0.028645
37 0.032135 0.0334141
38 0.0349874 0.0348656
39 0.0328323 0.0324222
40 0.0281765 0.0258351
41 0.0189276 0.015225
42 0.0077986 0.00108657
43 -0.00489097 -0.015749
44 -0.0175666 -0.0341991
45 -0.0251113 -0.0530872
46 -0.0234249 -0.0714863
47 0.00376855 -0.0899217
48 0.0350831 -0.118196
49 -0.0290446 -0.311438
50 -0.122941 -inf
51 -0.0290446 -0.311438
52 0.0350831 -0.118196
53 0.00376855 -0.0899217
54 -0.0234249 -0.0714863
55 -0.0251113 -0.0530872
56 -0.0175666 -0.0341991
57 -0.00489097 -0.015749
58 0.0077986 0.00108657
59 0.0189276 0.015225
60 0.0281765 0.0258351
61 0.0328323 0.0324222
62 0.0349874 0.0348656
63 0.032135 0.0334141
64 0.0282616 0.028645
65 0.0204332 0.0213924
66 0.0123072 0.0126535
67 0.00314627 0.00348336
68 -0.00426942 -0.00511157
69 -0.0112549 -0.012269
70 -0.0163528 -0.0173474
71 -0.0185212 -0.0199761
72 -0.0184143 -0.0200747
73 -0.0162892 -0.0178417
74 -0.0129785 -0.0137147
75 -0.00688947 -0.00830754
76 -0.00173263 -0.00233233
77 0.00405499 0.00348461
78 0.00830907 0.00848366
79 0.0121877 0.0121409
80 0.0135971 0.0141187
81 0.0134546 0.0142923
82 0.0119705 0.0127523
83 0.00920573 0.00978177
84 0.00508431 0.00581353
85 0.000538597 0.00137252
86 -0.00238139 -0.00298955
87 -0.00669885 -0.00675933
88 -0.00930149 -0.00951947
89 -0.0107517 -0.0109925
90 -0.00921834 -0.0110664
91 -0.00836331 -0.00980018
92 -0.00660514 -0.00740876
93 -0.00380976 -0.00423093
94 0.00110593 -0.000683791
95 0.00588839 0.00278985
96 0.00775365 0.00577504
97 0.00741223 0.00793272
98 0.00478383 0.00903693
99 0.00323741 0.00899718
