1.5708 2.80326e-31
1.50733 0.000721882
1.44386 0.00272675
1.3804 0.00598794
1.31693 0.0105751
1.25346 0.0160267
1.19 0.0224945
1.12653 0.030604
1.06306 0.0387688
0.999598 0.0483268
0.936131 0.0579258
0.872665 0.0680614
0.809198 0.079363
0.745732 0.0922312
0.682265 0.101016
0.618799 0.110146
0.555332 0.121667
0.491866 0.127996
0.428399 0.138031
0.364932 0.1436
0.301466 0.152728
0.237999 0.159388
0.174533 0.163883
0.111066 0.16582
0.0475999 0.169959
-0.0158666 0.172622
-0.0793331 0.167225
-0.1428 0.164736
-0.206266 0.161636
-0.269733 0.157352
-0.333199 0.147978
-0.396666 0.140457
-0.460132 0.133563
-0.523599 0.124373
-0.587065 0.115319
-0.650532 0.107061
-0.713998 0.0948137
-0.777465 0.0840524
-0.840931 0.0742751
-0.904398 0.0640669
-0.967864 0.0531806
-1.03133 0.0439585
-1.0948 0.0345679
-1.15826 0.0264033
-1.22173 0.0190944
-1.2852 0.0133156
-1.34866 0.00809121
-1.41213 0.00418748
-1.4756 0.00160512
-1.53906 0.0002984
-1.60253 3.3318e-31
-1.666 0.000721882
-1.72946 0.00272675
-1.79293 0.00598794
-1.8564 0.0105751
-1.91986 0.0160267
-1.98333 0.0224945
-2.0468 0.030604
-2.11026 0.0387688
-2.17373 0.0483268
-2.23719 0.0579258
-2.30066 0.0680614
-2.36413 0.079363
-2.42759 0.0922312
-2.49106 0.101016
-2.55453 0.110146
-2.61799 0.121667
-2.68146 0.127996
-2.74493 0.138031
-2.80839 0.1436
-2.87186 0.152728
-2.93533 0.159388
-2.99879 0.163883
-3.06226 0.16582
-3.12573 0.169959
-3.18919 0.172622
-3.25266 0.167225
-3.31613 0.164736
-3.37959 0.161636
-3.44306 0.157352
-3.50653 0.147978
-3.56999 0.140457
-3.63346 0.133563
-3.69692 0.124373
-3.76039 0.115319
-3.82386 0.107061
-3.88732 0.0948137
-3.95079 0.0840524
-4.01426 0.0742751
-4.07772 0.0640669
-4.14119 0.0531806
-4.20466 0.0439585
-4.26812 0.0345679
-4.33159 0.0264033
-4.39506 0.0190944
-4.45852 0.0133156
-4.52199 0.00809121
-4.58546 0.00418748
-4.64892 0.00160512
-4.71239 0.0002984
