0 0.19844
0.0634665 0.19844
0.126933 0.19844
0.1904 0.19844
0.253866 0.19844
0.317333 0.19844
0.380799 0.19844
0.444266 0.19844
0.507732 0.19844
0.571199 0.19844
0.634665 0.19844
0.698132 0.19844
0.761598 0.19844
0.825065 0.19844
0.888531 0.19844
0.951998 0.19844
1.01546 0.19844
1.07893 0.19844
1.1424 0.19844
1.20586 0.19844
1.26933 0.19844
1.3328 0.19844
1.39626 0.19844
1.45973 0.19844
1.5232 0.19844
1.58666 0.19844
1.65013 0.19844
1.7136 0.19844
1.77706 0.19844
1.84053 0.19844
1.904 0.19844
1.96746 0.19844
2.03093 0.19844
2.0944 0.19844
2.15786 0.19844
2.22133 0.19844
2.28479 0.19844
2.34826 0.19844
2.41173 0.19844
2.47519 0.19844
2.53866 0.19844
2.60213 0.19844
2.66559 0.19844
2.72906 0.19844
2.79253 0.19844
2.85599 0.19844
2.91946 0.19844
2.98293 0.19844
3.04639 0.19844
3.10986 0.19844
3.17333 0.19844
3.23679 0.19844
3.30026 0.19844
3.36373 0.19844
3.42719 0.19844
3.49066 0.19844
3.55413 0.19844
3.61759 0.19844
3.68106 0.19844
3.74452 0.19844
3.80799 0.19844
3.87146 0.19844
3.93492 0.19844
3.99839 0.19844
4.06186 0.19844
4.12532 0.19844
4.18879 0.19844
4.25226 0.19844
4.31572 0.19844
4.37919 0.19844
4.44266 0.19844
4.50612 0.19844
4.56959 0.19844
4.63306 0.19844
4.69652 0.19844
4.75999 0.19844
4.82346 0.19844
4.88692 0.19844
4.95039 0.19844
5.01385 0.19844
5.07732 0.19844
5.14079 0.19844
5.20425 0.19844
5.26772 0.19844
5.33119 0.19844
5.39465 0.19844
5.45812 0.19844
5.52159 0.19844
5.58505 0.19844
5.64852 0.19844
5.71199 0.19844
5.77545 0.19844
5.83892 0.19844
5.90239 0.19844
5.96585 0.19844
6.02932 0.19844
6.09279 0.19844
6.15625 0.19844
6.21972 0.19844
6.28319 0.19844
