1.5708 0
1.50733 0.000798244
1.44386 0.00318013
1.3804 0.00710734
1.31693 0.0125167
1.25346 0.0193211
1.19 0.0274111
1.12653 0.0366566
1.06306 0.0469087
0.999598 0.0580026
0.936131 0.0697596
0.872665 0.0819907
0.809198 0.094499
0.745732 0.107083
0.682265 0.119541
0.618799 0.131672
0.555332 0.14328
0.491866 0.15418
0.428399 0.164195
0.364932 0.173165
0.301466 0.180945
0.237999 0.18741
0.174533 0.192456
0.111066 0.196002
0.0475999 0.197991
-0.0158666 0.19839
-0.0793331 0.197194
-0.1428 0.194421
-0.206266 0.190116
-0.269733 0.184349
-0.333199 0.177212
-0.396666 0.16882
-0.460132 0.159309
-0.523599 0.14883
-0.587065 0.137553
-0.650532 0.12566
-0.713998 0.113341
-0.777465 0.100794
-0.840931 0.0882227
-0.904398 0.0758281
-0.967864 0.0638098
-1.03133 0.0523613
-1.0948 0.0416668
-1.15826 0.0318983
-1.22173 0.0232131
-1.2852 0.0157508
-1.34866 0.00963164
-1.41213 0.00495395
-1.4756 0.00179304
-1.53906 0.000199762
-1.60253 0.000199762
-1.666 0.00179304
-1.72946 0.00495395
-1.79293 0.00963164
-1.8564 0.0157508
-1.91986 0.0232131
-1.98333 0.0318983
-2.0468 0.0416668
-2.11026 0.0523613
-2.17373 0.0638098
-2.23719 0.0758281
-2.30066 0.0882227
-2.36413 0.100794
-2.42759 0.113341
-2.49106 0.12566
-2.55453 0.137553
-2.61799 0.14883
-2.68146 0.159309
-2.74493 0.16882
-2.80839 0.177212
-2.87186 0.184349
-2.93533 0.190116
-2.99879 0.194421
-3.06226 0.197194
-3.12573 0.19839
-3.18919 0.197991
-3.25266 0.196002
-3.31613 0.192456
-3.37959 0.18741
-3.44306 0.180945
-3.50653 0.173165
-3.56999 0.164195
-3.63346 0.15418
-3.69692 0.14328
-3.76039 0.131672
-3.82386 0.119541
-3.88732 0.107083
-3.95079 0.094499
-4.01426 0.0819907
-4.07772 0.0697596
-4.14119 0.0580026
-4.20466 0.0469087
-4.26812 0.0366566
-4.33159 0.0274111
-4.39506 0.0193211
-4.45852 0.0125167
-4.52199 0.00710734
-4.58546 0.00318013
-4.64892 0.000798244
-4.71239 1.19045e-32
