0 6.34318
0.0634665 6.32138
0.126933 6.25463
0.1904 6.13431
0.253866 5.94677
0.317333 5.73456
0.380799 5.67886
0.444266 5.86875
0.507732 6.00895
0.571199 5.67786
0.634665 4.71359
0.698132 3.54875
0.761598 2.8382
0.825065 2.85186
0.888531 3.08823
0.951998 3.07646
1.01546 2.73099
1.07893 2.37162
1.1424 2.2405
1.20586 2.27069
1.26933 2.28378
1.3328 2.2352
1.39626 2.11616
1.45973 1.99923
1.5232 1.89404
1.58666 1.80221
1.65013 1.72067
1.7136 1.64073
1.77706 1.54952
1.84053 1.41294
1.904 1.20798
1.96746 0.936471
2.03093 0.75541
2.0944 0.86875
2.15786 1.18571
2.22133 1.19969
2.28479 0.469349
2.34826 -0.703634
2.41173 -1.44425
2.47519 -1.26742
2.53866 -0.795291
2.60213 -0.753414
2.66559 -1.19475
2.72906 -1.6927
2.79253 -1.92761
2.85599 -1.97262
2.91946 -1.99975
2.98293 -2.07273
3.04639 -2.14147
3.10986 -2.18275
3.17333 -2.18275
3.23679 -2.14147
3.30026 -2.07273
3.36373 -1.99975
3.42719 -1.97262
3.49066 -1.92761
3.55413 -1.6927
3.61759 -1.19475
3.68106 -0.753414
3.74452 -0.795291
3.80799 -1.26742
3.87146 -1.44425
3.93492 -0.703634
3.99839 0.469349
4.06186 1.19969
4.12532 1.18571
4.18879 0.86875
4.25226 0.75541
4.31572 0.936471
4.37919 1.20798
4.44266 1.41294
4.50612 1.54952
4.56959 1.64073
4.63306 1.72067
4.69652 1.80221
4.75999 1.89404
4.82346 1.99923
4.88692 2.11616
4.95039 2.2352
5.01385 2.28378
5.07732 2.27069
5.14079 2.2405
5.20425 2.37162
5.26772 2.73099
5.33119 3.07646
5.39465 3.08823
5.45812 2.85186
5.52159 2.8382
5.58505 3.54875
5.64852 4.71359
5.71199 5.67786
5.77545 6.00895
5.83892 5.86875
5.90239 5.67886
5.96585 5.73456
6.02932 5.94677
6.09279 6.13431
6.15625 6.25463
6.21972 6.32138
6.28319 6.34318
