1.5708 0.00631279
1.50733 0.00503578
1.44386 0.00641247
1.3804 0.00907623
1.31693 0.0102357
1.25346 0.0142278
1.19 0.0197329
1.12653 0.0235419
1.06306 0.0303364
0.999598 0.035938
0.936131 0.0435765
0.872665 0.0509835
0.809198 0.0588105
0.745732 0.0652066
0.682265 0.0710075
0.618799 0.0759006
0.555332 0.0823209
0.491866 0.0851401
0.428399 0.0892646
0.364932 0.0931133
0.301466 0.0952646
0.237999 0.0956085
0.174533 0.0996792
0.111066 0.098823
0.0475999 0.100488
-0.0158666 0.100648
-0.0793331 0.100844
-0.1428 0.0995375
-0.206266 0.0977974
-0.269733 0.0945015
-0.333199 0.0941645
-0.396666 0.0920327
-0.460132 0.0867066
-0.523599 0.0825191
-0.587065 0.0784505
-0.650532 0.07312
-0.713998 0.0654136
-0.777465 0.0605257
-0.840931 0.0536147
-0.904398 0.0459065
-0.967864 0.0408012
-1.03133 0.0344446
-1.0948 0.0273623
-1.15826 0.0222412
-1.22173 0.0162237
-1.2852 0.0128708
-1.34866 0.00960063
-1.41213 0.00654013
-1.4756 0.00640477
-1.53906 0.0056972
-1.60253 0.00631279
-1.666 0.00804836
-1.72946 0.00971768
-1.79293 0.0114427
-1.8564 0.016652
-1.91986 0.0232089
-1.98333 0.0307595
-2.0468 0.0331376
-2.11026 0.0411076
-2.17373 0.0455117
-2.23719 0.0548326
-2.30066 0.0622513
-2.36413 0.0704948
-2.42759 0.0771618
-2.49106 0.0825671
-2.55453 0.0859859
-2.61799 0.0942701
-2.68146 0.0945483
-2.74493 0.0999093
-2.80839 0.103589
-2.87186 0.104687
-2.93533 0.104206
-2.99879 0.106251
-3.06226 0.109975
-3.12573 0.106556
-3.18919 0.107165
-3.25266 0.107433
-3.31613 0.1022
-3.37959 0.105636
-3.44306 0.106051
-3.50653 0.107423
-3.56999 0.105033
-3.63346 0.0967292
-3.69692 0.0913794
-3.76039 0.0885968
-3.82386 0.0828357
-3.88732 0.0740734
-3.95079 0.07064
-4.01426 0.06368
-4.07772 0.0561793
-4.14119 0.0525868
-4.20466 0.0469026
-4.26812 0.0383423
-4.33159 0.0364661
-4.39506 0.025425
-4.45852 0.015732
-4.52199 0.0145722
-4.58546 0.0129845
-4.64892 0.0080282
-4.71239 0.0079915
