0 0.107661
0.0634665 0.107661
0.126933 0.107661
0.1904 0.107661
0.253866 0.107661
0.317333 0.107661
0.380799 0.107661
0.444266 0.107661
0.507732 0.107661
0.571199 0.107661
0.634665 0.107661
0.698132 0.107661
0.761598 0.107661
0.825065 0.107661
0.888531 0.107661
0.951998 0.107661
1.01546 0.107661
1.07893 0.107661
1.1424 0.107661
1.20586 0.107661
1.26933 0.107661
1.3328 0.107661
1.39626 0.107661
1.45973 0.107661
1.5232 0.107661
1.58666 0.107661
1.65013 0.107661
1.7136 0.107661
1.77706 0.107661
1.84053 0.107661
1.904 0.107661
1.96746 0.107661
2.03093 0.107661
2.0944 0.107661
2.15786 0.107661
2.22133 0.107661
2.28479 0.107661
2.34826 0.107661
2.41173 0.107661
2.47519 0.107661
2.53866 0.107661
2.60213 0.107661
2.66559 0.107661
2.72906 0.107661
2.79253 0.107661
2.85599 0.107661
2.91946 0.107661
2.98293 0.107661
3.04639 0.107661
3.10986 0.107661
3.17333 0.107661
3.23679 0.107661
3.30026 0.107661
3.36373 0.107661
3.42719 0.107661
3.49066 0.107661
3.55413 0.107661
3.61759 0.107661
3.68106 0.107661
3.74452 0.107661
3.80799 0.107661
3.87146 0.107661
3.93492 0.107661
3.99839 0.107661
4.06186 0.107661
4.12532 0.107661
4.18879 0.107661
4.25226 0.107661
4.31572 0.107661
4.37919 0.107661
4.44266 0.107661
4.50612 0.107661
4.56959 0.107661
4.63306 0.107661
4.69652 0.107661
4.75999 0.107661
4.82346 0.107661
4.88692 0.107661
4.95039 0.107661
5.01385 0.107661
5.07732 0.107661
5.14079 0.107661
5.20425 0.107661
5.26772 0.107661
5.33119 0.107661
5.39465 0.107661
5.45812 0.107661
5.52159 0.107661
5.58505 0.107661
5.64852 0.107661
5.71199 0.107661
5.77545 0.107661
5.83892 0.107661
5.90239 0.107661
5.96585 0.107661
6.02932 0.107661
6.09279 0.107661
6.15625 0.107661
6.21972 0.107661
6.28319 0.107661
